7,-123,-125,-123,-115,-111,-114,-102,-104,-104,-116,-109,-102,-97,-78,-6
8,-60,-69,-79,-78,-85,-97,-107,-92,-80,-89,-95,-94,-94,-94,-89,-103,-99,
-94,-106,-113,-111,-117,-108,-113,-111,-113,-116,-113,-117,-108,-107,-11
0,-112,-111,-109,-109,-104,-103,-115,-132,-137,-120,-126,-131,-139,-124,
-133,-127,-132,-128,-118,-117,-102,-92,-100,-95,-102,-111,-105,-102,-84,
-92,-91,-93,-89,-85,-79,-83,-85,
-92,-89,-86,-94,-103,-98,-101,-106,-107,-118,-115,-113,-117,-118,-118,-1
21,-125,-137,-131,-129,-130,-136,-124,-111,-108,-118,-106,-88,-83,-69,-7
1,-72,-83,-85,-96,-93,-87,-85,-88,-91,-85,-82,-83,-102,-92,-90,-92,-94,-
104,-104,-103,-104,-97,-89,-88,-91,-100,-100,-106,-102,-98,-100,-84,-76,
-69,-72,-74,-76,-77,-75,-78,-82,-87,-85,-82,-91,-92,-87,-87,-98,-102,-97
,-92,-93,-96,-92,-84,-84,-79,-79,-80,-71,-58,-45,-50,-59,-60,-57,-58,-69
,-63,-51,-48,-39,-51,-58,-58,-59,-55,-62,-66,-64,-63,-68,-77,-74,-66,-64
,-67,-63,-65,-60,-58,-51,-47,-48,-49,-45,-52,-55,-65,-70,-71,-65,-53,-59
,-59,-59,-68,-72,-76,-76,-72,-69,-64,-64,-79,-85,-82,-77,-76,-76,-80,-91
,-103,-89,-71,-72,-76,-72,-72,-72,-71,-78,-75,-80,-78,-77,-96,-100,-105,
-109,-103,-107,-103,-110,-109,-107,-113,-123,-135,-137,-134,-140,-144,-1
44,-146,-148,-140,-139,-145,-145,-149,-138,-140,-140,-144,-147,-147,-147
,
-147,-157,-157,-150,-151,-156,-160,-167,-161,-153,-153,-154,-156,-167,-1
75,-171,-166,-165,-162,-164,-167,-165,-167,-170,-159,-146,-141,-133,-129
,-135,-142,-142,-120,-111,-121,-133,-125,-115,-107,-99,-106,-101,-93,-97
,-102,-110,-121,-118,-132,-124,-129,-120,-121,-124,-121,-126,-133,-129,-
128,-115,-103,-108,-109,-113,-114,-115,-100,-90,-79,-77,-83,-98,-103,-10
2,-104,-99,-92,-98,-103,-113,-109,-99,-109,-112,-107,-103,-108,-120,-130
,-129,-123,-122,-124,-122,-123,-121,-122,-124,-124,-116,-119,-123,-125,-
131,-132,-116,-120,-131,-136,-139,-154,-159,-153,-162,-156,-151,-144,-14
6,-145,-151,-149,-152,-152,-151,-144,-143,-128,-127,-131,-127,-121,-116,
-108,-106,-106,-113,-116,-122,-116,-114,-112,-106,-102,-108,-109,-105,-1
11,-108,-101,-99,-104,-104,-110,-109,-115,-118,-111,-111,-119,-125,-121,
-112,-96,-97,-99,-100,-100,-89,-90,-87,-77,-72,-69,-68,-72,-70,-75,-69,-
71,-70,-67,-65,-61,-62,-61,-68,-67,-68,-60,-66,-71,-68,-69,-74,-70,-75,-
74,-79,-73,-64,
-60,-63,-51,-48,-40,-40,-42,-44,-46,-54,-52,-45,-30,-40,-53,-48,-51,-57,
-58,-70,-69,-60,-61,-44,-39,-45,-39,-46,-50,-38,-44,-46,-51,-42,-34,-28,
-21,-24,-24,-23,-25,-20,-27,-32,-24,-21,-17,-23,-21,-22,-11,-20,-33,-40,
-41,-38,-32,-37,-43,-37,-40,-39,-39,-37,-42,-47,-41,-43,-42,-38,-35,-26,
-25,-29,-23,-20,-24,-19,-8,-6,-5,-10,-16,-17,-14,-14,-13,-11,-18,-12,-20
,-21,-14,-9,-4,-1,4,2,9,7,7,7,14,9,8,7,7,13,16,14,18,17,11,9,6,-5,-11,-8
,-7,-7,-15,-35,-22,-3,-14,-23,-16,-12,-15,-14,-13,-14,-10,-11,-7,-12,-8,
1,-6,-1,-12,-15,-14,5,6,3,-6,-2,-3,-6,3,-2,-1,0,5,0,-3,-2,6,9,2,-6,-5,0,
1,13,11,6,17,25,19,23,26,30,23,25,31,28,25,13,14,16,7,6,12,14,28,26,30,3
1,41,42,41,35,36,35,33,27,21,17,
14,18,14,12,24,33,33,43,39,39,45,40,21,13,19,27,29,29,27,33,37,25,21,19,
13,17,18,23,27,34,23,8,31,59,53,39,28,35,33,39,39,26,34,32,45,44,32,36,3
6,30,30,16,1,2,4,9,1,3,-2,-14,-14,-14,-14,-5,-13,-10,-12,-2,10,-1,-12,17
,19,0,3,10,32,28,26,21,26,29,31,34,41,43,38,42,46,54,53,52,54,70,67,61,6
5,71,70,68,62,64,77,70,65,65,80,106,106,94,92,89,89,79,83,95,90,78,83,79
,71,65,66,76,82,69,66,78,85,88,78,85,88,86,81,81,87,101,99,86,81,81,82,8
7,82,75,73,76,82,72,73,68,60,55,47,33,45,54,63,56,48,44,37,41,45,45,44,3
7,25,18,3,4,8,11,-4,-7,-20,-32,-33,-35,-35,-38,-38,-41,-45,-49,-51,-59,-
68,-69,-70,-77,-91,-109,-112,-118,-125,-130,-136,-146,
-140,-138,-147,-161,-172,-177,-177,-185,-186,-199,-212,-226,-234,-244,-2
56,-270,-278,-291,-314,-325,-332,-341,-375,-399,-393,-403,-443,-469,-487
,-488,-515,-531,-571,-602,-626,-666,-697,-748,-789,-843,-892,-946,-1008,
-1097,-1178,-1253,-1340,-1455,-1573,-1738,-1874,-2067,-2234,-2488,-2715,
-3074,-3382,-3875,-4293,-5055,-6179,-7634,-8117,-5944,-5367,-4971,-5088,
-4082,-4356,-3204,-3328,-2251,-1973,-2247,-1838,-1804,-1723,-1449,-1289,
-1689,-1972,-2775,-2810,-3481,-3512,-4441,-1618,3123,1511,-445,-1338,-22
32,-2034,-2239,-5463,-8280,-9964,-11072,-12813,-13554,-13329,-12220,-968
7,-6169,-2722,319,2679,3865,5088,6725,8469,8993,8328,6585,4634,3090,2515
,2280,1623,1197,1380,2233,3344,4650,5812,6798,7737,8681,9390,9768,9530,8
679,7517,6277,5080,3859,2642,1717,1130,804,685,818,1131,1512,1947,2248,2
637,3128,3559,3552,3328,2999,2766,2374,2121,1656,1655,1381,823,1193,1802
,1950,2034,2637,2682,2147,2443,2866,2747,2940,3778,3568,3382,3031,2850,3
235,2943,2605,2151,2362,2024,1844,1461,869,492,310,241,129,-94,-521,-884
,-1143,-1271,-1401,-1519,-1733,-1934,-2029,-2044,-2021,
-1986,-2000,-1999,-1975,-1885,-1755,-1630,-1467,-1310,-1164,-967,-726,-4
79,-254,-63,124,306,524,732,926,1068,1184,1269,1339,1418,1477,1485,1456,
1396,1339,1303,1232,1136,967,786,585,364,140,-89,-280,-853,-1571,-1925,-
2373,-2876,-3269,-3642,-3803,-3814,-3694,-3460,-3053,-2596,-2146,-1703,-
1272,-919,-655,-451,-384,-461,-670,-991,-1407,-1837,-2224,-2558,-2824,-2
982,-3027,-2991,-2851,-2620,-2290,-1954,-1612,-1310,-1104,-974,-907,-920
,-1008,-1156,-1385,-1635,-1857,-2078,-2260,-2364,-2402,-2354,-2249,-2079
,-1872,-1676,-1448,-1256,-1105,-1001,-943,-950,-1002,-1094,-1210,-1346,-
1495,-1622,-1711,-1760,-1758,-1701,-1607,-1483,-1344,-1184,-1051,-932,-8
31,-767,-739,-750,-797,-881,-967,-1060,-1146,-1196,-1227,-1234,-1206,-11
57,-1069,-972,-858,-774,-682,-609,-559,-531,-568,-609,-644,-694,-778,-86
1,-932,-963,-998,-1005,-992,-953,-893,-821,-736,-677,-612,-547,-509,-480
,-470,-493,-520,-566,-615,-656,-685,-708,-731,-733,-709,-695,-662,-612,-
570,-528,-479,-439,-410,-399,-416,-400,-399,-447,-478,-530,-549,-562,-57
2,-576,-571,-544,-524,-480,-452,-442,-409,-396,-387,-375,-386,
-400,-418,-438,-455,-483,-511,-520,-531,-541,-528,-527,-517,-505,-477,-4
56,-434,-419,-401,-408,-406,-422,-435,-443,-446,-446,-459,-466,-466,-466
,-477,-471,-453,-439,-433,-407,-377,-365,-343,-334,-326,-310,-305,-307,-
302,-299,-301,-278,-270,-263,-251,-241,-227,-214,-201,-179,-172,-165,-16
1,-149,-146,-139,-128,-121,-135,-137,-161,-145,-118,-133,-125,-113,-106,
-102,-105,-94,-79,-79,-75,-79,-76,-66,-78,-80,-62,-49,-60,-78,-89,-98,-7
2,-69,-60,-40,-35,-18,7,-6,-8,-13,-12,8,23,28,35,48,56,62,62,69,89,110,1
39,187,203,209,246,257,267,279,305,340,357,360,367,346,259,135,-1,-164,-
257,-239,-204,-160,-67,55,181,319,436,526,578,585,574,537,500,434,344,23
4,149,81,25,-26,-37,-29,22,93,164,232,288,359,428,482,512,523,494,444,38
9,329,277,230,193,179,175,181,203,249,306,379,451,508,565,598,612,615,60
6,596,573,539,505,457,435,432,435,437,450,477,512,539,561,591,617,
617,622,617,592,575,550,514,485,469,452,439,426,427,429,436,452,463,465,
477,475,477,482,485,481,473,467,463,454,433,421,407,395,387,377,379,376,
361,375,383,375,385,385,369,379,383,379,380,381,378,370,366,358,351,352,
346,354,362,362,364,345,349,349,338,334,332,325,305,293,282,279,253,240,
234,246,246,237,237,229,221,227,227,207,208,212,211,207,204,190,176,172,
171,160,150,148,153,150,148,145,137,136,144,142,141,137,129,120,116,121,
129,121,114,113,99,105,102,97,105,101,102,93,93,82,62,65,63,71,79,69,48,
60,61,48,55,53,45,33,11,-21,-46,-54,-36,-38,-34,-28,-80,-79,-9,-3,-69,-1
03,-20,-9,44,72,50,-64,-129,-77,-22,73,24,-80,-81,-81,-74,-143,-304,-650
,-926,-936,-815,-847,-813,-770,-728,-538,-370,-233,-121,38,227,486,777,1
053,1249,1415,1585,1749,1888,2014,2098,2128,2139,2156,2163,2169,2122,201
4,1859,1696,
1538,1381,1213,1047,865,669,472,307,144,-35,-228,-404,-597,-780,-928,-10
68,-1182,-1274,-1338,-1389,-1420,-1416,-1407,-1395,-1380,-1349,-1304,-12
17,-1093,-955,-819,-658,-480,-307,-127,59,249,415,569,714,859,1009,1135,
1243,1314,1374,1420,1458,1492,1500,1477,1465,1424,1395,1355,1291,1197,10
86,972,849,696,538,385,232,71,-93,-245,-389,-511,-635,-755,-881,-961,-10
16,-1088,-1137,-1177,-1186,-1177,-1158,-1128,-1089,-1040,-984,-922,-828,
-720,-587,-453,-352,-228,-101,49,217,350,471,570,666,771,870,952,1020,10
46,1070,1084,1109,1126,1120,1087,1058,1020,971,915,837,749,635,519,403,2
90,179,50,-80,-204,-323,-428,-522,-612,-682,-759,-808,-832,-855,-886,-88
4,-874,-849,-824,-789,-748,-695,-645,-593,-521,-426,-319,-218,-123,-36,7
1,186,297,398,495,581,652,705,763,804,841,873,864,848,830,821,793,776,73
6,691,649,599,534,441,357,262,173,102,-8,-105,-203,-303,-384,-449,-510,-
554,-604,-645,-678,-701,-696,-669,-659,-639,-606,-556,-507,-458,-414,-36
0,-298,-233,
-146,-71,18,93,177,245,328,415,476,537,594,635,677,700,715,718,717,711,6
79,661,629,600,550,489,460,420,353,297,229,172,92,25,-39,-108,-170,-241,
-304,-362,-414,-442,-471,-491,-502,-515,-520,-506,-481,-453,-416,-382,-3
30,-276,-226,-179,-131,-80,-20,53,120,185,247,313,367,419,455,500,542,51
4,558,624,597,573,558,552,559,495,481,402,364,320,277,229,166,112,67,6,-
53,-80,-131,-163,-214,-248,-270,-309,-334,-350,-353,-330,-331,-306,-294,
-262,-229,-205,-154,-113,-62,-4,43,75,150,214,253,307,353,412,467,498,54
3,560,587,594,607,625,614,619,619,594,578,544,508,476,439,410,366,314,27
1,219,164,121,68,42,-3,-23,-58,-92,-115,-136,-150,-149,-149,-137,-123,-1
02,-75,-51,-12,33,68,112,160,208,260,305,349,393,440,487,532,570,609,639
,659,690,713,729,731,732,736,727,707,691,670,649,623,575,539,518,489,422
,380,335,314,276,240,192,167,152,88,85,
116,84,72,77,97,121,130,159,171,212,253,290,330,371,416,467,506,550,587,
620,665,706,745,772,796,824,847,856,873,863,875,859,848,832,815,810,790,
757,731,677,614,623,583,521,478,446,424,370,352,322,289,266,240,233,223,
212,212,229,243,265,273,290,315,337,376,410,456,498,532,567,608,647,690,
710,761,787,810,872,897,876,888,898,921,915,911,897,874,872,858,833,811,
794,768,723,672,642,601,562,523,486,466,425,399,368,320,341,344,306,300,
303,317,311,312,320,341,361,389,419,457,481,506,550,587,636,656,682,720,
751,788,807,816,837,848,861,876,860,855,888,879,846,827,826,821,796,771,
726,693,658,630,603,571,542,511,493,464,428,399,381,371,356,339,347,359,
344,343,349,371,381,398,411,431,452,477,512,516,557,619,632,642,656,688,
715,733,752,758,771,776,788,798,784,769,763,746,731,707,682,666,645,630,
595,
568,541,509,477,438,412,376,349,343,324,304,289,277,267,241,246,277,258,
245,252,276,288,290,308,325,350,372,391,409,424,450,490,508,534,562,583,
593,603,622,607,600,621,614,600,587,582,573,546,524,500,482,460,441,417,
387,365,349,325,299,272,250,233,206,206,193,158,151,161,154,146,145,164,
172,180,189,192,207,236,267,286,306,316,327,335,348,371,402,409,419,439,
457,468,476,473,480,501,495,493,474,462,454,436,414,388,365,344,326,298,
277,262,233,204,194,171,140,110,88,77,65,58,47,34,41,46,55,59,60,59,81,1
01,99,113,136,174,182,186,214,243,258,270,298,322,329,337,340,354,364,35
9,363,351,338,338,327,306,280,269,263,241,220,199,177,154,135,113,103,83
,59,37,21,11,1,-18,-27,-28,-42,-49,-31,-11,-20,-23,-5,11,30,49,52,73,98,
127,147,163,176,199,218,237,257,268,275,285,283,282,
282,285,286,278,280,257,236,256,256,217,182,164,172,143,120,88,69,48,26,
15,-15,-33,-43,-59,-62,-66,-83,-84,-87,-85,-78,-81,-73,-52,-30,-21,-21,-
9,4,24,41,56,67,95,103,116,139,157,167,172,165,148,153,200,203,174,156,1
57,152,136,113,82,74,59,50,38,9,2,-12,-38,-50,-72,-84,-96,-115,-120,-134
,-160,-149,-133,-151,-169,-162,-140,-139,-139,-139,-130,-106,-92,-84,-66
,-44,-21,-4,5,14,33,51,67,82,98,104,102,104,114,115,111,108,94,74,56,47,
54,51,14,-20,-28,-39,-61,-92,-115,-123,-139,-143,-160,-176,-192,-194,-19
5,-202,-212,-208,-200,-194,-190,-186,-179,-166,-152,-137,-124,-117,-97,-
84,-84,-78,-67,-37,-23,-20,-3,5,11,18,25,40,32,23,7,0,8,-8,-20,-22,-21,-
30,-47,-77,-92,-94,-100,-114,-129,-141,-153,-166,-180,-187,-201,-210,-21
5,-218,-236,-245,-249,-237,-243,-251,-242,-230,-215,-204,-192,-162,-140,
-125,-112,-104,-92,
-93,-78,-58,-46,-33,-22,-10,3,7,5,11,10,-2,0,7,9,9,6,-17,-39,-51,-62,-75
,-84,-104,-116,-130,-143,-148,-161,-172,-165,-171,-176,-179,-182,-179,-1
77,-179,-186,-183,-182,-177,-168,-152,-142,-127,-115,-104,-97,-91,-74,-6
0,-49,-49,-47,-30,-14,-4,1,0,7,8,7,10,12,9,6,-7,-6,0,1,-2,-4,-16,-34,-49
,-67,-87,-97,-109,-119,-126,-139,-144,-150,-153,-153,-156,-164,-177,-187
,-185,-181,-170,-154,-147,-134,-129,-122,-114,-97,-75,-57,-49,-47,-34,-1
8,-6,-6,-3,4,8,3,3,1,4,2,-1,-4,-10,-23,-26,-32,-35,-47,-62,-78,-88,-100,
-113,-122,-133,-136,-143,-151,-156,-166,-165,-171,-174,-176,-192,-181,-1
73,-169,-164,-157,-141,-134,-134,-138,-130,-117,-104,-89,-83,-72,-55,-37
,-29,-17,-5,-3,-3,-3,9,9,2,4,6,4,0,-14,-15,-19,-28,-37,-51,-52,-59,-68,-
83,-96,-104,-114,-125,-130,-144,-154,-158,-169,-179,-180,-179,-179,-172,
-170,-170,-155,
-155,-152,-146,-133,-119,-113,-103,-100,-90,-82,-65,-52,-46,-40,-32,-32,
-22,-20,-14,-13,-13,-13,-25,-32,-38,-48,-51,-56,-57,-65,-67,-66,-74,-82,
-87,-97,-98,-111,-125,-130,-131,-142,-151,-156,-157,-164,-170,-163,-161,
-154,-150,-152,-152,-141,-132,-130,-135,-138,-121,-116,-116,-114,-80,-55
,-59,-56,-34,-28,-11,-11,-16,-11,-2,2,1,-14,-17,-12,-15,-15,-28,-31,-47,
-65,-73,-82,-101,-111,-120,-123,-133,-132,-139,-147,-164,-174,-176,-166,
-159,-169,-170,-165,-167,-157,-149,-145,-133,-127,-120,-110,-100,-89,-87
,-75,-66,-62,-53,-50,-41,-24,-4,1,2,-1,0,6,18,21,13,8,3,-4,-16,-19,-30,-
42,-47,-54,-58,-71,-74,-88,-90,-99,-106,-113,-120,-126,-128,-133,-137,-1
39,-136,-138,-142,-137,-142,-132,-115,-104,-96,-86,-78,-77,-72,-60,-50,-
42,-34,-25,-17,-8,0,9,8,11,8,-1,2,9,17,19,10,2,-7,-15,-25,-37,-43,-45,-4
5,-54,-62,-71,-80,-89,-97,-96,-96,-105,
-116,-120,-126,-128,-134,-137,-143,-138,-132,-138,-135,-127,-115,-113,-1
13,-112,-104,-101,-94,-88,-85,-75,-65,-63,-64,-65,-67,-64,-61,-50,-34,-2
6,-12,-7,-5,-8,-14,-21,-23,-24,-25,-33,-38,-41,-51,-51,-60,-69,-79,-94,-
103,-101,-109,-106,-115,-117,-120,-119,-125,-124,-117,-117,-115,-112,-10
8,-108,-104,-97,-89,-74,-65,-62,-51,-49,-45,-43,-38,-22,-12,-1,1,2,7,9,9
,15,19,15,10,0,-6,-7,-7,-18,-18,-21,-25,-34,-32,-45,-58,-57,-67,-71,-74,
-75,-77,-85,-90,-85,-86,-88,-86,-81,-81,-80,-78,-83,-90,-85,-85,-85,-76,
-64,-49,-37,-35,-22,-9,-3,-1,3,16,17,22,27,32,46,54,56,67,67,67,58,47,48
,46,37,26,27,19,15,0,-12,-23,-28,-38,-41,-51,-57,-55,-54,-50,-51,-42,-38
,-41,-41,-45,-44,-40,-39,-31,-31,-21,-18,-13,-6,0,13,19,24,38,38,32,15,2
8,34,31,23,35,45,46,50,38,35,25,16,7,-6,
-10,-6,-16,-14,-24,-33,-44,-52,-41,-50,-55,-54,-53,-52,-56,-60,-66,-68,-
81,-87,-90,-82,-75,-87,-92,-88,-88,-72,-71,-59,-51,-45,-34,-31,-37,-38,-
33,-27,-19,-20,-11,-9,-1,1,1,-6,-9,-11,-7,-14,-24,-53,-53,-61,-60,-61,-7
4,-71,-74,-79,-95,-109,-111,-106,-111,-106,-124,-124,-135,-140,-136,-127
,-110,-100,-102,-86,-86,-81,-70,-65,-52,-60,-52,-40,-35,-39,-38,-47,-44,
-48,-49,-52,-53,-29,-24,-30,-26,-21,-23,-32,-43,-38,-38,-37,-32,-37,-36,
-42,-48,-50,-46,-43,-48,-63,-67,-71,-76,-87,-91,-88,-95,-107,-111,-107,-
104,-99,-99,-101,-111,-109,-104,-98,-81,-75,-72,-60,-50,-50,-50,-40,-30,
-39,-39,-37,-36,-21,-24,-24,-19,-19,-12,-21,-30,-26,-36,-42,-53,-61,-64,
-69,-72,-71,-79,-82,-83,-91,-97,-95,-92,-85,-79,-80,-80,-81,-89,-85,-90,
-85,-87,-71,-66,-64,-62,-57,-47,-42,-49,-47,-43,-39,-29,-29,-19,-23,-23,
-26,-26,-21,-15,-5,
-5,-8,-8,-8,-15,-14,-7,-9,-13,-18,-23,-24,-31,-40,-47,-53,-53,-56,-59,-6
0,-56,-62,-70,-76,-83,-84,-85,-88,-84,-78,-80,-89,-87,-73,-69,-57,-58,-6
3,-59,-56,-48,-38,-38,-27,-15,-8,-4,-3,11,17,18,18,21,28,33,33,30,28,13,
-3,-12,-18,-17,-30,-31,-31,-34,-33,-42,-43,-38,-34,-38,-41,-40,-53,-52,-
61,-69,-67,-64,-61,-69,-68,-54,-51,-48,-53,-53,-46,-54,-57,-56,-51,-34,-
31,-27,-35,-33,-30,-34,-27,-22,-23,-5,2,8,5,3,9,6,5,-4,-4,2,1,-5,-18,-26
,-37,-44,-49,-51,-53,-56,-63,-67,-64,-69,-70,-76,-81,-84,-86,-92,-96,-93
,-88,-91,-93,-85,-82,-67,-55,-58,-52,-49,-51,-52,-51,-46,-46,-39,-44,-54
,-47,-42,-36,-41,-54,-60,-59,-56,-48,-45,-48,-48,-53,-65,-70,-72,-71,-76
,-80,-82,-90,-90,-88,-96,-97,-89,-87,-90,-99,-117,-116,-119,-116,-119,-1
10,-104,-104,-109,-111,-104,-97,-87,-96,-93,-94,
-95,-75,-71,-76,-71,-73,-67,-69,-69,-60,-57,-51,-59,-67,-73,-68,-67,-81,
-91,-77,-84,-88,-97,-100,-104,-105,-109,-120,-129,-137,-134,-141,-140,-1
39,-136,-137,-139,-139,-143,-142,-132,-128,-118,-113,-112,-108,-105,-103
,-102,-97,-87,-80,-79,-84,-83,-81,-82,-82,-76,-75,-67,-65,-69,-67,-71,-7
6,-84,-94,-96,-90,-79,-75,-83,-80,-85,-82,-72,-73,-76,-82,-90,-81,-80,-8
5,-102,-104,-99,-102,-103,-104,-105,-99,-95,-98,-98,-98,-89,-83,-82,-93,
-89,-79,-74,-76,-73,-72,-76,-77,-76,-64,-60,-47,-32,-26,-26,-31,-38,-33,
-35,-38,-38,-33,-31,-35,-42,-50,-66,-67,-68,-70,-63,-62,-65,-69,-68,-71,
-73,-78,-76,-81,-82,-87,-95,-94,-96,-102,-103,-104,-107,-102,-93,-80,-89
,-86,-81,-74,-71,-74,-75,-74,-74,-76,-76,-81,-83,-88,-91,-87,-82,-71,-70
,-67,-69,-73,-81,-84,-88,-94,-92,-87,-87,-79,-84,-87,-90,-95,-97,-108,-1
14,-124,-120,-106,-104,-106,-101,-98,-98,-99,-99,-106,
-109,-105,-104,-108,-106,-105,-95,-93,-89,-85,-80,-80,-78,-81,-70,-51,-5
9,-70,-70,-69,-67,-66,-83,-73,-75,-71,-60,-61,-60,-66,-72,-74,-84,-81,-8
0,-88,-83,-88,-91,-92,-94,-85,-77,-68,-70,-67,-70,-77,-84,-86,-84,-76,-7
3,-71,-64,-64,-66,-68,-57,-45,-31,-32,-34,-39,-48,-55,-60,-65,-68,-68,-7
2,-71,-64,-50,-45,-43,-45,-45,-38,-39,-35,-40,-40,-43,-44,-44,-56,-60,-7
1,-75,-68,-71,-73,-77,-85,-84,-83,-85,-86,-76,-78,-78,-73,-67,-70,-77,-8
5,-89,-74,-73,-74,-67,-53,-37,-40,-40,-37,-25,-22,-27,-33,-34,-32,-27,-2
4,-23,-19,-23,-29,-37,-32,-40,-43,-35,-39,-36,-35,-33,-34,-45,-50,-40,-3
4,-43,-56,-60,-59,-54,-45,-54,-57,-50,-44,-40,-37,-42,-57,-61,-51,-51,-4
8,-40,-22,-3,-10,-19,-27,-22,-15,-4,7,10,16,22,18,10,13,24,29,23,21,23,2
6,29,41,50,39,29,22,18,19,21,16,13,9,8,8,3,-4,5,
11,1,-1,5,3,2,2,-6,-1,7,8,16,13,3,11,24,15,3,7,29,39,38,33,34,41,44,48,5
1,47,55,49,41,35,40,42,33,35,36,39,31,26,42,47,40,31,39,39,37,39,17,14,2
4,29,30,16,11,9,18,14,8,15,17,23,34,33,27,26,28,35,40,36,34,43,47,44,39,
38,40,45,52,49,34,33,43,58,59,50,55,52,53,56,49,47,55,63,58,54,51,56,55,
51,47,49,42,28,35,46,46,45,50,44,34,36,42,23,25,22,20,27,19,20,26,28,24,
21,40,39,27,22,11,23,40,36,35,31,46,52,43,50,50,57,64,65,73,74,79,71,66,
71,73,67,65,67,69,62,61,55,61,61,61,64,51,41,30,34,32,18,18,16,17,15,13,
5,17,34,40,44,41,29,32,39,29,34,35,30,26,27,30,23,28,24,25,21,16,11,4,-8
,-14,-2,-5,
-14,-28,-39,-36,-43,-61,-69,-80,-84,-98,-103,-99,-101,-105,-122,-131,-13
2,-138,-146,-152,-161,-174,-192,-200,-218,-230,-251,-280,-288,-311,-326,
-344,-368,-389,-430,-452,-495,-543,-587,-637,-697,-758,-860,-952,-1060,-
1151,-1309,-1448,-1643,-1800,-2064,-2264,-2623,-2904,-3385,-3775,-4430,-
5195,-7087,-7905,-10262,-8905,-6022,-6009,-4550,-4923,-3492,-3423,-1698,
-1992,-1193,-959,-229,-1397,7411,16881,14039,8213,3679,1366,2260,1237,-7
177,-15274,-20083,-25694,-30492,-31635,-31864,-31178,-28346,-23450,-1846
2,-11937,-5734,-430,3406,6612,8358,9109,8417,6116,2804,-819,-4073,-6576,
-8330,-9306,-9215,-7796,-5271,-2090,1094,4645,8068,10993,13247,14525,149
05,14098,12628,10297,7639,4874,2252,-22,-1807,-2908,-3219,-2791,-1719,-1
6,1732,3554,5227,6481,7430,7819,7683,6920,5698,4283,2565,875,-580,-1834,
-2651,-3055,-3001,-2475,-1585,-534,600,1870,2934,3921,4584,4881,4894,460
2,4137,3516,2782,1999,1265,725,422,569,836,1070,1359,1666,2233,3088,3861
,4505,4966,5429,5680,5451,5164,4670,3948,3381,2912,2561,2373,2203,2139,2
184,2356,2528,2532,2668,2970,3261,3493,3481,3401,3257,
2952,2736,2437,2110,1775,1400,1148,1082,1008,972,886,894,978,1118,1247,1
269,1255,1327,1306,1289,1178,957,754,524,272,75,-94,-230,-325,-367,-380,
-356,-288,-232,-160,-68,9,63,62,-4,-92,-206,-322,-459,-583,-728,-869,-97
5,-1044,-1072,-1090,-1054,-1042,-993,-933,-878,-835,-819,-813,-828,-876,
-922,-991,-1078,-1141,-1214,-1267,-1299,-1340,-1340,-1341,-1292,-1258,-1
208,-1170,-1126,-1083,-1056,-1040,-1042,-1063,-1105,-1122,-1151,-1166,-1
198,-1234,-1247,-1235,-1236,-1203,-1174,-1115,-1062,-1004,-947,-900,-858
,-829,-811,-819,-823,-845,-866,-898,-904,-923,-930,-933,-923,-892,-869,-
826,-792,-749,-713,-674,-658,-637,-607,-598,-579,-573,-577,-574,-562,-57
0,-587,-596,-590,-581,-582,-581,-580,-571,-562,-578,-572,-588,-588,-599,
-609,-627,-643,-640,-633,-649,-634,-623,-609,-588,-581,-548,-522,-513,-5
02,-475,-462,-442,-451,-450,-453,-464,-467,-475,-489,-498,-488,-490,-480
,-485,-482,-470,-458,-449,-449,-442,-438,-428,-416,-433,-435,-417,-405,-
405,-396,-381,-372,-359,-356,-350,-338,-326,-333,-341,-346,-340,-343,-34
1,-354,
-358,-371,-375,-375,-383,-378,-384,-383,-384,-392,-389,-383,-373,-365,-3
65,-361,-369,-361,-347,-351,-356,-351,-344,-335,-333,-331,-317,-317,-314
,-299,-287,-278,-261,-246,-235,-216,-199,-183,-167,-155,-127,-95,-78,-59
,-38,-18,-4,7,27,38,39,50,57,63,66,73,78,82,94,93,122,117,87,90,109,120,
108,112,120,122,123,131,127,133,128,125,123,120,117,118,118,118,114,117,
125,131,140,144,155,161,161,157,173,181,181,179,178,177,194,198,199,203,
203,222,230,227,239,239,244,257,273,278,281,274,273,280,271,262,249,240,
243,245,234,238,246,272,280,291,307,313,319,323,317,321,322,319,300,289,
281,265,248,234,238,225,221,220,218,228,223,222,224,223,243,238,226,225,
228,241,242,246,245,242,240,236,248,258,257,262,263,268,277,276,268,279,
293,291,290,297,307,316,320,321,330,322,322,320,316,329,336,340,341,331,
318,312,312,308,296,295,297,304,
303,302,291,273,256,253,258,252,245,229,223,220,220,215,211,227,228,229,
229,213,218,219,216,216,209,204,206,203,203,211,214,214,212,212,207,207,
196,196,222,237,246,241,236,252,266,263,262,268,278,279,268,267,268,275,
274,257,253,255,258,261,250,262,258,257,260,255,263,255,238,238,241,234,
242,230,232,235,237,237,228,218,214,227,221,229,236,257,260,265,290,323,
329,320,284,191,58,-63,-173,-237,-250,-199,-128,-49,53,162,263,350,418,4
55,484,473,453,410,337,237,136,43,-44,-126,-184,-214,-198,-149,-78,-10,6
1,135,226,306,346,358,341,316,272,191,137,75,12,-48,-92,-103,-105,-86,-5
3,-12,50,105,169,206,223,239,241,220,180,142,106,66,25,-9,-40,-68,-85,-3
9,-19,16,48,72,87,123,149,181,200,203,192,174,150,111,82,82,103,97,77,58
,34,6,-23,-13,13,26,3,-20,1,39,11,-116,-243,-309,-237,-196,-125,-74,
-43,66,267,239,74,293,327,347,109,298,151,-175,-179,-93,298,273,-88,-101
,270,345,175,-126,66,519,546,506,626,706,883,746,924,823,880,987,1079,10
54,1149,1231,1276,1305,1353,1363,1386,1406,1427,1416,1392,1350,1303,1243
,1165,1079,980,864,769,682,590,486,368,244,111,-2,-111,-231,-350,-452,-5
34,-591,-624,-661,-680,-685,-697,-686,-664,-623,-575,-531,-459,-380,-303
,-215,-143,-61,34,123,219,303,394,485,579,657,720,799,867,909,936,953,95
5,952,929,897,857,802,733,674,597,531,448,362,287,205,119,27,-75,-158,-2
41,-335,-410,-485,-546,-604,-646,-675,-695,-708,-703,-682,-651,-607,-546
,-500,-447,-387,-332,-251,-176,-91,-10,73,160,250,333,405,471,532,599,64
7,691,729,752,766,763,757,754,726,688,641,584,525,475,403,334,263,190,12
0,48,-40,-112,-191,-271,-338,-400,-454,-505,-545,-567,-579,-592,-590,-58
5,-576,-559,-517,-481,-437,-376,-318,-245,-181,-114,-46,30,103,172,249,3
17,380,448,509,
570,614,651,675,693,697,694,682,660,642,610,569,525,480,424,362,301,241,
189,121,48,-33,-102,-157,-215,-274,-321,-370,-405,-448,-470,-481,-479,-4
65,-462,-448,-423,-389,-353,-317,-269,-216,-155,-107,-56,6,65,130,195,25
7,318,365,410,451,473,503,529,536,541,544,540,523,505,476,446,415,365,31
7,266,214,172,119,59,-4,-65,-122,-174,-232,-278,-321,-364,-398,-429,-438
,-453,-461,-454,-452,-444,-424,-399,-368,-339,-294,-252,-202,-154,-100,-
38,8,56,116,166,212,258,292,329,356,382,410,420,424,413,401,395,385,356,
325,286,250,217,161,109,63,9,-42,-97,-145,-191,-241,-285,-329,-374,-405,
-432,-453,-473,-474,-473,-466,-459,-449,-426,-403,-383,-354,-310,-269,-2
27,-180,-122,-92,-48,3,48,96,138,179,222,248,280,305,334,354,362,364,357
,352,334,312,288,263,227,192,148,105,59,14,-30,-75,-117,-168,-221,-265,-
307,-342,-366,-392,-409,-420,-429,-433,-440,-436,-413,-387,-357,-315,-27
9,-236,
-200,-164,-112,-63,-19,11,58,104,155,204,241,273,297,321,341,357,378,376
,376,365,347,333,317,287,259,231,192,154,103,63,19,-13,-53,-94,-130,-166
,-196,-228,-257,-285,-310,-327,-330,-339,-344,-340,-336,-325,-310,-282,-
263,-240,-206,-172,-124,-86,-51,-13,29,62,96,128,159,194,226,246,267,284
,306,325,334,341,335,323,309,303,276,251,229,197,159,123,95,55,23,-16,-5
2,-86,-114,-152,-184,-206,-236,-254,-275,-282,-286,-285,-293,-282,-261,-
242,-223,-204,-177,-128,-82,-53,-25,17,66,96,117,157,187,218,252,276,295
,302,324,338,337,331,328,318,307,291,279,250,223,197,180,160,118,90,61,2
6,0,-31,-54,-71,-89,-113,-129,-152,-164,-173,-182,-185,-186,-171,-149,-1
31,-118,-96,-79,-51,-27,-5,31,67,104,136,178,213,233,271,306,323,343,357
,378,390,398,400,397,400,392,387,382,363,338,303,269,246,220,183,151,113
,53,16,23,-15,-65,-98,-102,-113,-132,-139,
-154,-153,-137,-125,-123,-119,-108,-88,-64,-41,-12,12,42,61,91,129,163,1
90,211,234,264,288,312,319,329,353,362,365,369,358,341,327,304,283,264,2
51,233,215,192,168,136,102,76,58,28,-2,-30,-60,-79,-103,-106,-108,-108,-
117,-119,-125,-116,-116,-134,-74,-18,-32,-37,-16,41,48,79,113,138,188,21
3,252,291,326,354,393,395,407,413,432,440,439,443,421,409,394,374,353,33
6,315,285,251,227,201,180,146,115,91,68,45,21,0,-8,-26,-47,-28,-32,-57,-
61,-37,-17,-8,9,23,56,77,97,121,141,150,172,222,245,262,281,312,341,360,
375,378,401,415,418,429,424,423,415,393,386,378,356,341,326,308,291,269,
253,232,217,167,125,150,136,91,60,45,35,24,12,-9,-8,2,9,14,18,30,48,67,9
1,128,142,162,185,209,243,271,277,291,322,345,362,391,405,400,405,403,40
2,407,390,367,350,344,324,303,281,257,247,230,202,175,
147,117,99,78,67,49,35,33,27,15,1,-1,-2,-1,3,7,18,39,52,62,85,94,101,120
,158,185,195,214,244,277,290,298,313,333,344,355,359,358,357,362,356,357
,353,341,340,334,316,291,266,263,255,239,214,184,162,136,107,80,67,65,50
,23,16,25,22,22,21,24,28,28,31,45,66,73,88,114,132,148,170,188,198,210,2
34,269,286,296,300,313,315,312,314,312,310,323,321,299,280,275,262,248,2
27,205,191,175,150,142,126,112,102,91,68,50,35,20,15,13,13,18,13,-5,-3,1
0,16,23,21,30,37,55,75,82,97,113,127,145,161,178,191,203,212,212,221,235
,254,263,274,275,274,275,266,251,240,232,225,214,200,184,170,151,131,112
,95,75,56,40,34,27,13,3,-5,-10,-14,-13,-13,-11,-5,3,12,27,37,46,58,70,87
,104,121,128,141,156,171,183,182,191,210,220,219,218,218,224,222,224,
222,219,214,202,194,187,181,173,164,151,136,126,113,101,92,75,63,58,51,4
9,47,34,21,20,21,22,28,39,52,53,56,56,64,79,86,103,111,122,141,154,160,1
75,189,195,201,195,199,212,226,229,231,235,233,228,222,207,202,190,182,1
66,150,136,125,114,93,80,72,70,66,49,41,25,17,16,12,16,18,12,14,18,28,29
,37,56,64,68,74,76,82,101,122,133,135,132,141,144,147,147,160,161,161,15
3,147,144,140,139,133,132,135,126,114,106,101,99,90,79,67,62,50,33,16,0,
-5,-6,-10,-6,-8,-12,-21,-26,-39,-49,-50,-47,-50,-41,-39,-37,-31,-25,-15,
3,19,26,35,45,58,73,81,89,93,91,96,108,107,102,103,98,87,83,78,69,65,46,
33,30,29,24,10,-2,-19,-27,-42,-41,-46,-51,-54,-50,-54,-58,-57,-62,-58,-5
8,-52,-52,-52,-46,-44,-42,-42,-36,-21,-11,-10,-7,-3,7,18,25,
22,29,33,34,45,59,70,74,80,74,70,68,65,68,67,62,50,43,31,29,21,7,2,-12,-
25,-40,-54,-64,-62,-62,-65,-70,-77,-84,-92,-89,-92,-90,-80,-74,-74,-65,-
63,-58,-52,-43,-30,-13,-2,5,20,16,18,24,30,33,36,47,60,65,64,63,64,55,42
,31,27,21,20,9,1,-3,-12,-27,-38,-46,-54,-62,-64,-68,-74,-73,-79,-82,-95,
-99,-96,-97,-102,-94,-92,-92,-92,-90,-84,-83,-75,-67,-54,-54,-53,-38,-26
,-8,-11,-14,-8,2,14,15,21,28,36,42,45,51,63,67,64,59,48,42,33,22,14,10,7
,-3,-16,-28,-36,-48,-61,-73,-85,-88,-102,-111,-121,-119,-115,-113,-113,-
110,-93,-87,-86,-80,-73,-68,-61,-57,-44,-37,-18,-7,-2,4,4,2,4,1,5,12,20,
27,34,33,23,17,13,6,2,-2,-3,-4,-7,-13,-24,-24,-23,-25,-35,-51,-62,-67,-7
7,-85,-88,-100,-107,-109,-114,-120,-129,-127,-118,-117,-119,-129,
-132,-130,-130,-125,-114,-111,-97,-90,-85,-83,-75,-68,-58,-49,-43,-36,-2
8,-21,-15,-10,-10,-13,-11,-11,-13,-22,-25,-29,-34,-38,-53,-58,-59,-57,-5
9,-69,-76,-82,-89,-97,-102,-99,-95,-102,-109,-112,-114,-114,-116,-111,-1
13,-109,-108,-110,-110,-115,-117,-114,-116,-114,-115,-109,-99,-102,-102,
-95,-90,-81,-78,-82,-77,-68,-67,-67,-70,-82,-80,-76,-75,-74,-71,-70,-71,
-76,-79,-80,-79,-78,-88,-94,-104,-108,-116,-131,-143,-150,-150,-155,-158
,-155,-146,-147,-149,-154,-151,-142,-127,-124,-118,-116,-119,-112,-105,-
100,-95,-93,-75,-63,-57,-46,-28,-13,2,9,10,9,-5,-9,-6,-9,-13,-21,-24,-30
,-34,-39,-34,-36,-45,-54,-61,-63,-62,-70,-71,-75,-74,-68,-61,-58,-59,-57
,-62,-62,-62,-59,-58,-54,-49,-51,-56,-57,-54,-55,-51,-51,-42,-43,-49,-51
,-51,-49,-43,-36,-28,-26,-31,-30,-30,-25,-17,-19,-13,-5,-1,5,0,6,4,9,11,
7,8,3,5,0,-13,-16,-16,-16,
-15,-20,-26,-29,-32,-31,-34,-34,-34,-32,-24,-23,-25,-22,-18,-16,-9,1,6,5
,4,9,17,21,25,21,19,20,20,25,31,36,37,29,31,30,18,13,7,4,5,-3,-11,-12,-1
1,-14,-16,-21,-16,-9,-19,-25,-30,-32,-23,-31,-30,-33,-36,-23,-23,-29,-34
,-37,-32,-38,-34,-27,-24,-30,-43,-48,-49,-47,-43,-31,-20,-5,-3,1,8,13,16
,20,26,33,37,44,52,63,69,70,71,66,58,57,59,59,61,56,44,40,26,16,12,14,18
,11,10,0,-3,-1,0,5,13,15,17,10,8,7,5,11,15,22,23,33,34,37,37,36,38,41,40
,43,47,51,44,31,28,27,28,28,19,18,14,14,19,15,16,13,9,2,-2,0,3,2,4,1,-8,
-11,-6,0,1,-10,-12,-13,-19,-23,-31,-28,-30,-31,-37,-32,-21,-20,-23,-15,-
8,-4,-9,-13,-9,-2,4,4,10,13,17,16,16,20,32,42,47,45,39,40,35,29,
23,20,19,8,8,2,-7,-12,-21,-22,-25,-28,-33,-36,-35,-35,-33,-33,-34,-27,-2
3,-23,-14,-8,-2,-4,-7,-6,-5,-3,1,8,16,18,20,18,20,15,9,0,2,-1,-2,1,0,2,-
1,-8,-11,-16,-14,-11,-7,-7,-15,-22,-14,-13,-9,-9,-9,-5,-9,-17,-27,-29,-2
5,-30,-36,-44,-45,-45,-53,-58,-57,-50,-45,-50,-46,-39,-33,-27,-19,-24,-1
9,-5,-5,-3,4,14,20,21,14,6,3,10,16,18,18,19,27,29,22,26,24,18,14,4,-5,-3
,-6,-7,-10,-12,-9,-10,-17,-28,-29,-31,-34,-31,-34,-31,-25,-22,-17,-18,-8
,-11,-15,-17,-22,-18,-23,-21,-19,-15,-14,-23,-29,-26,-25,-23,-17,-22,-17
,-25,-30,-24,-20,-9,-4,-4,-1,3,-6,-12,-10,2,10,8,6,5,1,-3,-12,-12,-19,-1
9,-22,-27,-38,-44,-41,-46,-44,-42,-40,-42,-46,-44,-47,-33,-25,-25,-15,-1
2,-8,-4,-1,13,20,21,27,32,38,41,42,36,
26,29,22,19,28,34,26,19,9,6,4,-1,-2,6,9,8,3,6,8,6,3,-2,-5,-4,-4,-12,-18,
-18,-19,-10,-11,-9,-2,-1,-1,-1,0,4,3,-3,-7,-9,-1,5,13,15,21,14,12,8,6,7,
10,8,11,5,9,10,5,9,4,7,6,7,7,7,8,0,-9,-6,-9,-9,-14,-22,-31,-29,-30,-35,-
31,-24,-15,-17,-21,-29,-38,-30,-30,-33,-28,-26,-13,-10,-6,-2,-1,-2,0,-4,
0,5,8,11,7,7,0,-3,-9,-6,-2,1,-2,-9,-12,-9,-1,3,-8,-11,-17,-14,-10,-14,-1
9,-23,-12,-7,-11,-14,-15,-3,7,0,-11,-22,-18,-23,-30,-28,-18,-11,-11,-18,
-21,-24,-25,-19,-20,-25,-26,-19,-13,-6,3,9,7,6,4,14,28,29,22,17,17,15,7,
5,5,10,8,-1,-4,-3,7,6,-6,-10,-17,-25,-30,-25,-24,-30,-39,-44,-50,-44,-40
,-35,-31,-30,-28,-31,-30,-25,-20,-17,-17,-12,-12,-9,
-9,-6,-9,-14,-9,-2,0,1,-6,-7,-1,1,-3,-6,-11,-15,-12,-12,-11,-14,-14,-12,
-13,-14,-17,-16,-19,-23,-24,-20,-25,-17,-22,-32,-31,-35,-42,-49,-50,-52,
-46,-40,-46,-39,-30,-31,-30,-33,-34,-32,-30,-22,-15,-10,-4,5,4,10,21,24,
23,34,41,42,52,45,31,34,38,32,35,29,27,24,22,15,12,12,12,17,14,11,12,16,
12,7,3,-3,-7,-7,-3,6,9,13,10,8,6,11,6,6,12,18,30,36,37,38,38,43,34,33,42
,56,69,69,65,67,67,70,76,80,90,85,79,74,75,79,83,90,89,93,85,81,83,85,85
,78,69,64,67,65,57,56,57,56,55,48,47,44,35,29,30,31,36,39,55,54,49,41,33
,38,45,60,68,64,68,63,58,58,61,66,71,71,75,74,67,66,61,62,61,52,48,40,34
,38,49,48,43,47,54,46,41,39,43,49,52,43,38,40,50,59,
60,58,56,52,46,41,47,52,47,46,41,45,45,47,54,58,57,55,50,52,57,56,50,44,
43,42,43,46,44,54,58,55,68,67,60,58,52,54,49,46,45,43,45,42,49,54,53,54,
57,64,76,73,75,77,81,71,72,69,71,75,81,85,89,98,101,97,90,87,90,94,94,96
,98,97,96,93,86,85,90,96,88,87,92,89,84,83,84,93,98,98,87,83,91,92,89,88
,90,88,86,86,82,84,89,93,87,82,84,91,87,78,63,62,69,67,70,73,76,76,67,60
,64,64,67,71,79,79,83,85,88,101,109,108,108,111,108,107,115,121,114,116,
107,103,104,94,86,92,86,86,83,85,88,87,78,73,72,66,54,48,53,63,55,47,56,
60,61,54,59,67,63,68,68,58,54,51,49,46,49,49,51,54,57,52,49,49,42,38,36,
33,36,40,48,57,51,40,40,45,52,46,40,32,
42,48,40,43,58,70,76,71,58,57,52,50,59,62,59,47,43,46,52,55,46,54,59,59,
63,57,55,59,58,64,62,60,66,66,61,56,50,55,47,40,32,40,44,40,42,38,39,31,
20,22,16,12,9,11,8,13,19,26,29,31,30,31,34,30,26,20,21,24,24,28,27,23,17
,12,4,11,10,4,0,-3,-4,-10,-26,-30,-32,-44,-52,-59,-65,-72,-73,-75,-81,-8
0,-76,-81,-83,-81,-86,-91,-102,-106,-99,-105,-114,-124,-126,-124,-127,-1
29,-128,-140,-139,-144,-156,-165,-172,-168,-177,-187,-188,-196,-214,-223
,-226,-233,-226,-220,-219,-223,-227,-231,-231,-244,-251,-258,-255,-254,-
258,-264,-276,-292,-305,-318,-337,-348,-357,-374,-378,-388,-408,-419,-42
2,-436,-446,-463,-480,-499,-512,-530,-547,-561,-570,-579,-592,-612,-638,
-660,-683,-715,-743,-779,-821,-875,-922,-979,-1048,-1122,-1193,-1284,-13
79,-1488,-1610,-1748,-1871,-2027,-2173,-2371,-2558,-3297,-3787,-3871,-45
92,-5161,-6019,-6927,-8063,-8171,-6281,-5587,
-5128,-4552,-4388,-4008,-3740,-3134,-2517,-2373,-1876,-2142,-1766,-1948,
-2212,-2173,-2649,-2911,-3372,-4206,-4506,-4640,-4203,-3886,-3983,-3725,
-3757,-3563,-3313,-3105,-2748,-2446,-1874,-1471,-1156,-579,-214,343,896,
1359,1848,2222,2595,2856,3093,3458,3647,3874,4067,4211,4419,4607,4771,48
94,4937,4996,5060,5047,5050,5041,5016,4926,4846,4698,4529,4346,4150,4014
,3868,3731,3557,3365,3146,2939,2765,2601,2466,2300,2171,2064,1975,1875,1
786,1690,1604,1520,1451,1388,1353,1320,1295,1258,1224,1204,1196,1179,115
5,1141,1123,1090,1033,1012,989,987,990,974,965,1004,1010,1022,1040,1073,
1066,1085,1110,1136,1170,1179,1174,1171,1167,1155,1161,1146,1128,1119,10
92,1061,1037,1011,979,961,962,941,923,901,872,845,815,780,741,706,663,61
9,567,499,440,381,332,282,233,188,126,96,47,-2,-44,-81,-136,-184,-249,-3
17,-364,-429,-462,-502,-535,-583,-618,-643,-685,-717,-732,-764,-780,-816
,-841,-864,-906,-927,-931,-962,-991,-1019,-1039,-1063,-1098,-1125,-1149,
-1165,-1214,-1223,-1263,-1290,-1307,-1329,-1349,-1379,-1390,-1387,-1389,
-1387,
-1393,-1398,-1379,-1383,-1392,-1377,-1370,-1377,-1367,-1340,-1347,-1332,
-1331,-1328,-1317,-1306,-1285,-1273,-1254,-1244,-1240,-1236,-1215,-1190,
-1166,-1145,-1110,-1091,-1068,-1046,-1036,-1004,-983,-962,-945,-927,-902
,-889,-893,-888,-888,-879,-879,-876,-873,-883,-874,-873,-852,-854,-849,-
841,-843,-834,-829,-818,-803,-793,-781,-775,-778,-782,-782,-777,-786,-77
8,-771,-779,-792,-804,-824,-843,-840,-848,-861,-867,-870,-875,-883,-883,
-874,-871,-878,-874,-863,-855,-853,-856,-846,-854,-857,-866,-868,-864,-8
59,-863,-866,-855,-852,-849,-852,-846,-850,-853,-853,-855,-854,-845,-835
,-816,-812,-803,-809,-791,-775,-769,-758,-744,-734,-725,-716,-697,-691,-
689,-685,-671,-659,-654,-642,-626,-623,-619,-613,-607,-607,-609,-609,-61
4,-615,-609,-607,-606,-607,-594,-582,-584,-593,-591,-581,-581,-563,-564,
-558,-561,-558,-561,-557,-571,-581,-576,-569,-570,-565,-563,-559,-545,-5
41,-526,-511,-496,-493,-485,-465,-455,-450,-440,-429,-414,-395,-393,-376
,-350,-339,-334,-328,-321,-317,-307,-295,-286,-277,-283,-291,-295,-295,-
293,-293,-277,-254,-268,
-273,-258,-239,-232,-227,-221,-219,-223,-217,-220,-230,-232,-230,-230,-2
42,-245,-241,-230,-228,-230,-222,-220,-207,-198,-196,-188,-177,-180,-176
,-174,-165,-149,-140,-133,-130,-126,-122,-124,-108,-92,-89,-83,-77,-76,-
65,-61,-53,-47,-40,-30,-33,-38,-48,-41,-35,-25,-22,-10,-4,6,15,15,16,25,
31,34,38,44,53,60,56,56,71,72,77,73,72,82,71,79,78,78,78,78,88,92,95,97,
117,130,140,149,156,161,170,164,162,179,188,193,190,189,203,207,206,210,
213,220,229,235,245,253,259,263,270,283,289,290,282,284,293,303,307,307,
322,325,330,326,330,324,328,327,321,333,335,339,334,332,344,349,357,359,
360,361,361,350,344,350,349,346,342,337,335,338,344,348,347,355,362,354,
348,341,342,351,354,352,347,352,354,359,360,361,368,372,376,380,376,373,
376,371,372,369,374,376,380,368,363,371,369,368,370,370,363,374,373,375,
379,368,362,350,
345,344,338,350,362,359,363,364,371,369,360,347,347,343,333,333,336,334,
326,317,312,299,308,305,303,307,311,319,314,310,307,319,324,318,326,327,
335,335,342,349,343,345,347,366,367,365,363,360,357,350,350,349,350,347,
347,342,343,346,335,334,329,314,306,307,306,302,295,304,314,320,318,319,
319,320,326,322,330,333,338,330,327,328,326,330,324,322,322,315,324,314,
318,333,326,341,340,331,330,336,356,366,362,357,361,362,379,379,391,394,
402,403,399,395,382,384,380,384,391,390,393,393,381,370,359,364,364,374,
372,361,360,364,355,334,333,338,338,347,351,358,361,362,366,367,375,380,
382,382,383,390,402,398,389,391,386,389,386,385,379,384,390,383,375,377,
373,363,362,351,343,336,332,336,336,339,332,328,325,329,333,325,321,315,
308,307,297,282,274,278,277,265,264,271,257,253,241,241,243,239,249,252,
252,252,
250,241,229,237,234,234,238,237,242,242,240,233,238,233,236,229,231,227,
212,218,220,207,210,203,201,186,176,166,160,147,140,136,134,135,119,113,
119,118,120,129,127,129,113,114,119,126,131,124,127,139,132,125,112,108,
109,106,114,109,114,111,102,97,83,83,75,76,77,82,88,83,89,87,81,83,75,73
,75,77,70,53,55,61,64,70,64,68,61,59,56,50,53,53,52,41,38,37,30,33,22,20
,26,33,37,36,42,38,49,45,50,59,48,47,53,49,44,43,60,65,57,52,36,41,50,46
,50,38,36,45,47,44,33,38,33,39,33,17,10,2,4,4,-1,7,14,12,10,1,2,4,-3,-4,
-8,-3,-4,3,4,8,12,2,-6,-7,-6,-11,-24,-29,-31,-29,-24,-20,-14,-23,-25,-36
,-33,-17,-23,-20,-12,-13,-18,-23,-26,-25,-14,-9,-19,-18,-14,-13,-18,-23,
-27,-31,-31,-30,-27,-32,-35,-38,-40,-42,
-44,-50,-47,-42,-34,-27,-22,-10,-16,-12,-3,4,14,11,22,21,20,13,16,17,22,
27,23,21,22,25,25,23,24,21,12,10,8,15,20,12,8,11,22,26,24,17,14,13,15,14
,8,5,9,13,6,12,18,20,22,10,11,20,22,15,11,17,18,27,26,29,28,22,22,20,33,
38,41,44,49,59,69,62,62,74,82,83,83,88,93,95,98,106,109,109,107,109,108,
111,118,121,120,117,120,123,124,120,123,118,124,116,119,125,130,130,127,
135,143,146,144,145,148,151,146,148,152,165,162,152,144,141,140,147,139,
135,140,142,143,146,139,142,149,153,158,157,157,170,169,162,163,177,197,
206,211,205,213,225,228,227,222,236,242,231,229,223,225,224,225,220,217,
221,216,218,223,223,212,210,207,209,208,204,200,209,214,212,207,208,214,
202,199,199,212,225,223,213,209,209,210,210,217,224,216,210,203,199,
195,209,204,214,215,218,210,208,218,223,222,212,213,218,223,229,227,226,
239,249,254,251,258,277,272,262,255,264,262,262,261,258,260,260,250,267,
278,274,275,266,265,268,267,265,270,267,262,263,260,260,269,270,268,276,
275,285,296,297,289,285,283,284,286,279,275,283,289,279,278,279,284,297,
306,305,306,315,319,316,318,325,333,348,346,347,346,340,331,340,331,331,
337,336,325,317,317,316,325,314,299,286,284,270,262,257,264,273,283,286,
283,277,279,288,280,277,287,285,281,278,280,289,296,285,287,295,295,293,
285,292,287,286,280,275,265,264,261,265,269,264,269,271,270,270,265,258,
264,270,274,266,263,259,252,240,232,230,238,242,238,242,249,246,238,235,
226,224,227,234,235,232,230,222,218,209,203,205,202,214,223,229,230,229,
238,241,245,239,240,247,252,249,244,240,238,244,249,239,237,238,234,229,
225,219,
217,212,219,216,206,202,208,207,194,192,191,195,194,193,196,200,200,191,
193,189,188,196,196,201,200,203,201,205,206,219,222,217,214,208,211,209,
198,196,197,193,192,193,188,186,179,183,197,196,196,197,200,202,201,204,
206,201,187,181,167,167,168,171,170,161,158,158,154,160,154,150,151,150,
149,143,139,147,151,155,159,156,161,163,157,155,154,161,162,173,180,177,
179,172,160,156,154,154,151,150,149,146,148,145,146,146,146,146,144,138,
142,149,153,156,152,148,154,156,157,151,154,150,150,156,168,178,177,167,
166,167,165,166,166,170,174,174,163,150,146,151,156,160,166,173,170,162,
152,153,155,156,145,142,143,151,150,147,149,159,164,151,146,138,142,146,
144,140,137,136,133,133,123,122,124,120,119,125,133,141,145,137,138,142,
137,134,132,128,140,146,134,129,132,137,138,133,132,127,128,125,116,119,
114,110,
106,98,93,91,96,94,97,93,86,85,92,104,91,83,85,91,97,98,97,100,100,102,9
7,89,84,87,92,94,101,102,95,90,85,82,79,78,82,78,75,76,69,59,48,46,44,40
,39,46,49,41,32,35,36,44,39,38,39,47,44,37,32,33,35,31,15,2,4,8,-5,-11,-
9,-4,-2,-10,-20,-20,-17,-11,-1,3,-1,7,7,5,11,18,21,21,20,22,21,23,25,24,
32,29,17,11,7,12,10,5,0,-7,-9,-10,-12,-17,-24,-28,-27,-23,-14,-9,-9,-13,
-18,-5,-1,-13,-17,-10,-2,-4,2,-2,2,1,4,4,-3,3,4,3,7,10,12,16,12,17,28,35
,20,10,20,32,33,29,16,15,22,26,28,38,36,33,21,11,13,23,30,18,11,11,9,-1,
-11,-24,-17,-19,-28,-38,-36,-27,-32,-35,-31,-28,-29,-32,-35,-30,-29,-26,
-33,-37,-33,-25,-23,-14,-9,-15,-16,-13,5,12,15,2,-6,0,
6,2,-2,-4,9,9,2,-2,-2,1,1,-14,-20,-21,-15,-14,-7,3,6,10,11,8,3,6,3,-5,-2
,-6,-1,4,2,4,9,8,3,6,4,0,-7,-13,-21,-17,-16,-20,-25,-23,-24,-24,-25,-31,
-35,-27,-24,-18,-15,-11,-13,-17,-15,-12,-9,-9,-5,0,-8,-13,-15,-19,-19,-1
8,-9,-5,-8,-8,-11,-9,-16,-22,-26,-29,-33,-32,-30,-29,-19,-19,-21,-13,-11
,-10,-10,-13,-17,-22,-15,-15,-22,-23,-28,-23,-22,-26,-22,-24,-20,-26,-22
,-22,-19,-18,-15,-18,-18,-22,-26,-37,-39,-39,-36,-32,-32,-28,-23,-10,-7,
-12,-11,-15,-9,-8,-14,-17,-16,-12,-15,-21,-18,-21,-17,-15,-16,-15,-23,-3
3,-34,-27,-24,-22,-16,-12,-7,-6,-9,-11,-11,-7,-2,-6,-2,1,3,5,11,13,18,19
,12,11,13,7,3,7,10,9,0,-15,-8,-4,-9,-17,-22,-27,-25,-27,-25,-28,-21,-11,
-13,-17,-15,-8,-15,-8,-5,2,18,11,14,15,
10,7,7,5,7,14,20,17,19,13,5,1,2,9,12,15,18,16,13,22,29,28,33,46,54,64,54
,51,55,61,61,60,58,61,64,58,59,60,63,65,58,52,50,55,64,66,68,70,65,60,53
,49,41,48,52,49,53,59,65,65,53,53,54,58,60,63,65,77,83,81,78,75,65,59,51
,47,50,51,47,50,52,61,63,65,69,75,77,77,83,75,72,72,75,68,72,70,69,70,70
,78,81,88,87,89,88,92,92,90,88,91,85,79,67,63,59,56,59,65,73,76,75,67,66
,67,69,67,72,69,65,55,45,34,34,37,39,40,39,37,37,35,33,37,44,48,43,36,32
,26,24,27,31,39,40,40,41,41,39,39,43,47,51,49,47,53,50,48,43,33,31,34,37
,43,50,59,60,50,38,34,38,40,34,34,33,33,31,31,28,35,48,49,41,34,34,34,34
,29,34,43,42,42,
35,35,37,39,39,36,43,52,47,46,35,32,36,32,29,28,30,33,37,38,39,42,42,43,
55,55,56,49,45,41,33,30,30,46,62,68,72,68,67,58,49,46,52,56,54,50,49,48,
47,46,46,51,54,61,57,55,56,49,57,55,58,61,58,55,48,46,49,43,43,45,39,40,
40,45,37,33,32,41,36,34,31,29,33,33,38,40,39,28,22,16,13,18,20,27,35,37,
32,27,22,20,17,15,9,10,16,19,14,13,10,14,8,2,0,-2,-3,-4,-1,-1,-6,-8,-2,0
,2,6,5,2,-3,-5,-3,-13,-22,-17,-18,-17,-20,-24,-23,-24,-33,-47,-55,-46,-4
9,-52,-57,-53,-47,-39,-43,-46,-44,-35,-39,-44,-53,-46,-42,-39,-39,-37,-3
5,-28,-30,-35,-36,-29,-24,-25,-21,-14,-5,-1,-5,0,2,1,1,-6,-3,-8,1,6,8,8,
9,16,15,15,11,10,10,6,7,4,11,16,7,9,7,10,
9,10,12,12,17,13,1,2,6,8,15,21,22,22,26,16,21,21,30,26,9,1,-3,1,1,6,6,7,
10,7,1,2,7,11,11,3,-3,4,5,9,13,19,22,12,4,1,7,9,9,8,6,5,2,3,3,2,5,13,20,
13,13,9,7,6,-5,-5,1,3,-1,-2,-10,-9,-9,-9,-3,1,3,2,-7,-14,-20,-20,-17,-15
,-14,-9,-8,-5,-7,-5,-2,5,9,6,2,-2,-3,-5,-3,-1,7,5,3,4,-1,3,-5,-3,4,10,4,
0,4,-2,-8,-6,-6,-4,-6,-15,-17,-22,-21,-24,-25,-24,-27,-31,-32,-44,-42,-3
8,-39,-33,-41,-38,-40,-39,-34,-33,-29,-27,-33,-33,-34,-27,-18,-10,4,8,8,
-6,-14,-18,-26,-28,-27,-24,-24,-24,-19,-18,-13,-5,-2,5,6,8,10,-4,-9,-10,
-10,-11,-13,-14,-6,-1,0,-4,-4,-7,-3,-2,-11,-12,-10,-13,-19,-25,-24,-20,-
18,-21,-22,-27,-29,-29,-21,-15,
-11,-9,-15,-15,-10,-7,-13,-14,-4,-3,-2,-12,-18,-14,-15,-17,-20,-20,-16,-
15,-10,-9,-14,-19,-26,-24,-12,-6,-4,-16,-19,-20,-21,-23,-31,-38,-45,-45,
-33,-29,-28,-24,-27,-35,-40,-48,-54,-59,-56,-54,-50,-51,-50,-53,-57,-63,
-66,-53,-41,-40,-36,-34,-32,-21,-17,-19,-11,-5,2,8,11,13,16,12,-1,-2,-4,
4,14,13,1,-1,1,-12,-27,-24,-15,-9,-4,-17,-16,-9,-5,-5,-8,-14,-10,-9,-14,
-23,-17,-1,5,9,-1,-1,6,8,11,16,9,16,10,9,1,8,9,12,-3,-9,-17,-6,-6,-17,-1
6,-12,-16,-4,0,1,6,17,19,22,21,18,20,26,26,20,18,10,15,13,4,1,3,15,23,24
,19,18,29,29,25,24,19,32,30,30,29,28,26,22,24,24,21,19,10,18,24,36,49,43
,49,54,51,40,34,36,32,24,30,28,20,20,20,24,27,21,19,18,24,25,20,20,14,5,
0,4,
9,20,24,21,30,36,37,35,25,26,30,28,32,30,31,28,31,36,26,24,13,14,17,13,2
3,26,23,19,17,17,29,35,33,36,47,48,43,42,48,51,54,62,60,68,61,59,55,53,5
3,48,54,59,62,63,55,55,63,58,47,45,45,56,64,71,63,53,59,60,53,47,55,72,8
0,80,75,73,72,67,68,77,66,47,48,51,60,58,57,48,36,29,28,31,38,33,34,34,3
9,39,34,31,36,42,37,36,48,54,65,59,56,56,63,62,67,65,60,55,59,66,67,59,5
3,57,56,54,42,32,28,22,20,20,11,21,21,22,21,18,17,17,13,17,22,27,32,31,3
0,19,14,11,5,5,11,18,26,25,22,20,14,20,17,12,6,-5,-4,-4,-5,1,-1,-3,6,12,
11,6,11,22,20,23,7,-3,12,33,18,10,7,25,14,9,4,3,10,11,9,-5,-10,-6,-11,-1
3,-14,-23,-14,-20,
-21,-19,-30,-41,-39,-23,-13,-15,-16,-14,-8,-7,-9,-14,-6,-1,8,10,-7,-7,-7
,-2,-4,-13,-4,-2,4,0,-10,-11,-13,-8,1,-3,4,9,15,14,17,21,26,32,33,39,38,
38,39,29,26,30,40,32,16,8,7,2,-3,-2,2,9,11,6,-16,-20,-19,-23,-24,-27,-21
,-9,-3,-14,-18,-16,-22,-18,-11,-12,-11,-10,-9,-5,-6,-14,-17,-17,-22,-26,
-29,-29,-25,-34,-53,-42,-43,-66,-67,-66,-58,-52,-62,-67,-68,-72,-62,-66,
-70,-72,-91,-92,-65,-63,-88,-92,-76,-65,-73,-83,-94,-92,-88,-86,-84,-87,
-89,-90,-97,-99,-102,-113,-113,-118,-114,-118,-127,-122,-126,-129,-119,-
117,-125,-128,-135,-130,-139,-133,-133,-148,-146,-154,-167,-176,-188,-18
0,-177,-171,-174,-184,-186,-205,-214,-218,-225,-234,-245,-246,-252,-271,
-279,-275,-273,-271,-279,-275,-275,-283,-280,-277,-289,-299,-303,-303,-3
06,-321,-331,-337,-337,-338,-346,-353,-367,-376,-394,-425,-414,-402,-432
,-449,-468,-459,
-482,-508,-525,-543,-534,-542,-546,-549,-564,-571,-588,-602,-609,-622,-6
29,-647,-671,-685,-706,-743,-760,-795,-814,-833,-870,-902,-935,-965,-100
3,-1037,-1072,-1110,-1172,-1231,-1305,-1381,-1441,-1518,-1619,-1708,-178
0,-1900,-2038,-2183,-2335,-2503,-2697,-2937,-3186,-3580,-4615,-4983,-583
8,-6852,-7633,-5647,-4912,-4334,-4130,-3730,-3341,-2937,-2408,-2200,-214
9,-2108,-1935,-1951,-2078,-2342,-2692,-3045,-3713,-4538,-4831,-5253,-568
9,-5801,-5902,-5798,-5712,-5415,-5006,-4629,-4075,-3413,-2818,-1981,-129
9,-567,73,629,1158,1629,2065,2459,2773,3086,3398,3640,3884,4148,4349,454
2,4715,4891,5030,5133,5271,5351,5401,5415,5418,5412,5300,5184,5081,4960,
4877,4654,4490,4239,4030,3796,3618,3388,3148,2965,2761,2480,2269,2144,19
71,1828,1695,1552,1479,1379,1333,1197,1138,1119,968,950,875,819,865,854,
831,788,751,781,761,755,794,789,775,808,837,860,888,931,977,1028,1066,11
07,1173,1201,1247,1289,1315,1309,1352,1356,1365,1384,1386,1369,1323,1320
,1305,1269,1244,1243,1241,1184,1127,1085,1055,1039,998,960,909,855,805,7
52,685,620,556,486,
413,339,295,246,199,152,99,41,-15,-61,-105,-141,-202,-260,-304,-366,-408
,-462,-498,-531,-573,-603,-640,-666,-682,-706,-729,-734,-735,-755,-777,-
795,-798,-805,-818,-841,-860,-883,-901,-926,-943,-969,-1002,-1004,-1029,
-1037,-1056,-1088,-1092,-1100,-1113,-1122,-1145,-1159,-1169,-1170,-1171,
-1188,-1194,-1195,-1190,-1194,-1201,-1214,-1181,-1179,-1174,-1163,-1150,
-1143,-1141,-1126,-1135,-1138,-1131,-1127,-1114,-1079,-1057,-1037,-1028,
-1008,-984,-950,-939,-936,-927,-908,-894,-890,-881,-885,-885,-882,-893,-
902,-915,-920,-927,-921,-927,-918,-919,-920,-906,-892,-877,-859,-852,-83
4,-810,-800,-794,-773,-741,-719,-721,-715,-697,-678,-681,-668,-666,-667,
-666,-674,-685,-681,-671,-662,-674,-692,-685,-681,-681,-669,-662,-652,-6
34,-623,-619,-617,-608,-602,-592,-587,-592,-590,-589,-583,-579,-572,-567
,-558,-553,-567,-576,-565,-572,-570,-574,-573,-551,-546,-539,-528,-518,-
526,-505,-493,-473,-459,-443,-434,-414,-400,-398,-391,-382,-380,-380,-37
9,-377,-381,-381,-367,-355,-352,-371,-387,-398,-410,-420,-424,-440,-446,
-453,-463,-483,-493,
-508,-520,-522,-528,-532,-539,-548,-541,-551,-549,-551,-539,-536,-529,-5
25,-532,-535,-523,-513,-510,-497,-497,-484,-474,-450,-435,-433,-415,-406
,-394,-367,-361,-338,-326,-316,-277,-258,-255,-252,-252,-235,-224,-217,-
208,-194,-192,-183,-163,-159,-166,-167,-160,-155,-152,-158,-164,-160,-16
5,-157,-149,-158,-158,-145,-161,-174,-160,-169,-172,-196,-188,-183,-174,
-172,-174,-166,-165,-155,-146,-148,-134,-111,-116,-91,-85,-79,-69,-65,-4
7,-32,-33,-34,-29,-15,0,5,11,12,15,20,21,1,12,3,1,1,15,29,23,24,22,24,35
,20,18,27,22,27,38,40,34,28,30,32,27,30,6,9,28,26,25,12,3,6,5,-4,-8,-3,-
9,-12,-7,-9,-24,-27,-31,-17,-16,-18,-15,-12,2,2,-14,-12,-8,-7,-10,-24,-2
2,-25,-35,-47,-54,-52,-37,-31,-35,-40,-26,-26,-25,-18,-17,0,6,1,11,11,12
,22,26,35,27,35,37,41,41,32,28,29,43,45,47,65,73,65,54,45,58,59,54,
45,36,44,35,33,21,15,22,23,23,26,34,39,42,39,40,35,35,33,25,26,27,29,32,
35,32,21,22,24,29,28,36,47,53,58,68,78,90,103,103,107,106,111,116,121,13
1,133,131,135,137,145,144,145,165,173,166,164,165,172,164,145,129,123,12
0,109,107,98,90,82,72,67,58,58,53,50,49,53,45,42,43,45,50,49,61,66,67,67
,72,72,88,91,98,109,115,107,105,95,91,110,108,108,100,94,99,103,91,91,91
,89,100,100,95,107,109,100,102,112,114,112,108,104,101,97,82,76,66,66,66
,66,59,53,54,42,48,56,60,56,59,60,54,50,52,53,57,56,53,66,75,83,79,72,80
,103,107,109,113,111,118,120,125,124,118,117,121,120,125,124,130,142,139
,137,129,127,128,131,137,133,139,139,127,126,116,123,122,116,117,129,142
,156,160,163,158,164,165,164,166,171,169,173,180,
179,184,190,195,194,195,196,188,185,193,209,222,212,215,211,207,200,202,
203,206,207,204,191,195,203,197,199,188,188,197,173,161,158,166,172,160,
156,150,145,142,144,151,150,162,166,160,159,167,156,134,157,177,180,183,
170,183,187,189,185,176,183,186,194,199,206,204,204,198,205,207,193,188,
184,180,184,172,173,176,179,182,168,173,185,187,187,183,173,178,170,175,
160,159,175,190,181,173,158,177,184,188,185,171,166,160,168,166,168,177,
170,158,155,153,146,151,149,150,151,145,141,141,155,168,173,176,162,171,
170,179,184,175,184,196,183,171,174,171,193,184,179,182,193,191,192,204,
200,190,193,193,192,195,195,201,200,190,196,208,205,203,204,212,204,209,
200,199,196,209,194,180,198,189,182,178,174,200,194,201,200,196,207,197,
206,212,208,212,214,213,232,227,233,242,249,255,254,236,261,250,239,256,
269,245,
256,236,251,251,260,250,247,247,245,250,230,229,240,248,248,242,236,236,
224,215,220,221,235,229,218,214,206,191,194,185,175,173,172,166,159,135,
142,136,123,117,106,119,116,122,121,116,105,104,98,101,90,98,104,96,101,
91,115,132,132,134,151,164,166,150,156,161,163,161,157,169,169,164,144,1
44,148,146,141,147,146,145,143,137,135,131,125,127,124,113,111,125,123,1
18,110,114,120,110,116,106,112,103,111,128,133,126,119,108,114,115,113,1
22,128,131,133,133,128,131,141,146,154,170,179,183,170,174,174,178,177,1
76,183,187,189,192,195,203,207,208,211,203,202,205,214,216,222,229,240,2
45,250,252,258,265,260,262,270,268,267,268,267,267,267,271,270,283,295,2
93,287,287,291,298,291,294,295,307,315,312,303,314,323,321,308,306,313,3
16,313,304,302,303,300,299,296,305,317,319,324,329,349,341,335,325,336,3
45,
344,346,350,352,363,373,376,377,384,387,392,394,392,390,391,392,394,394,
391,388,394,391,397,402,399,402,398,405,406,399,404,396,399,399,390,390,
387,390,387,371,372,374,377,383,379,391,393,400,397,402,404,403,393,389,
394,399,401,397,393,395,410,411,408,405,406,427,423,404,403,413,419,417,
429,423,428,424,412,412,417,428,428,427,431,430,429,434,427,416,416,416,
409,406,412,404,407,406,408,398,384,375,372,374,370,356,349,346,339,357,
367,348,343,354,365,363,379,381,371,369,364,368,364,366,368,370,369,362,
369,385,381,369,372,382,382,376,369,363,371,379,373,368,377,385,390,382,
376,374,374,366,368,372,376,376,365,368,365,368,368,372,366,365,353,358,
361,352,350,347,348,343,338,330,337,334,332,334,338,346,343,338,348,348,
351,340,329,337,341,337,315,314,342,341,335,327,338,337,332,323,310,321,
322,330,
338,342,343,351,344,338,338,333,335,333,334,329,330,331,322,314,329,333,
321,312,318,328,325,321,319,324,325,333,328,333,324,328,326,307,316,328,
325,303,283,296,301,292,291,288,293,285,277,272,264,263,272,280,279,268,
261,265,268,269,264,269,275,268,272,261,256,259,247,244,242,250,251,257,
256,247,245,243,236,236,234,231,236,234,235,230,229,234,233,240,236,228,
229,220,223,240,236,224,208,197,198,194,188,189,190,180,170,171,175,183,
188,196,190,187,179,178,179,181,179,176,183,181,183,188,186,185,192,187,
192,188,183,183,191,188,182,190,200,201,198,192,194,187,180,186,184,188,
188,186,185,192,188,177,176,166,161,157,157,161,151,154,140,134,128,124,
127,121,114,110,107,108,96,88,86,84,88,84,82,84,89,88,80,83,89,91,89,86,
87,93,92,86,84,83,81,76,68,69,79,78,76,72,73,77,
80,79,80,79,80,78,71,63,53,48,46,47,49,44,42,46,41,39,41,38,35,43,43,41,
45,44,36,28,26,26,23,30,39,32,36,33,34,32,34,32,27,21,17,9,17,18,12,17,2
9,34,27,22,20,19,25,34,38,43,49,48,42,40,36,39,42,44,36,28,23,22,16,4,-5
,-11,-16,-18,-27,-40,-48,-51,-46,-38,-28,-33,-44,-56,-59,-56,-64,-65,-61
,-52,-54,-63,-69,-68,-57,-48,-43,-44,-50,-52,-43,-33,-35,-45,-48,-48,-55
,-68,-75,-69,-66,-65,-58,-62,-65,-68,-61,-76,-84,-82,-71,-71,-76,-68,-76
,-85,-93,-108,-106,-107,-105,-99,-102,-101,-100,-98,-95,-97,-99,-98,-105
,-110,-112,-117,-123,-124,-123,-127,-134,-130,-124,-126,-125,-126,-129,-
127,-132,-136,-142,-141,-138,-133,-124,-124,-122,-123,-121,-120,-117,-11
7,-114,-108,-103,-106,-111,-108,-105,-106,-109,-107,-97,-91,-91,-92,-97,
-95,-97,-106,-109,-119,-122,-118,-116,-120,-116,-115,-109,-107,
-106,-107,-106,-114,-113,-108,-105,-107,-104,-103,-110,-112,-117,-119,-1
19,-123,-127,-123,-120,-115,-115,-116,-119,-119,-122,-130,-137,-144,-138
,-125,-123,-129,-139,-143,-133,-124,-121,-131,-126,-120,-122,-125,-122,-
120,-111,-113,-122,-117,-108,-109,-116,-115,-115,-111,-117,-117,-113,-10
5,-101,-102,-101,-101,-96,-99,-104,-103,-101,-96,-93,-91,-101,-101,-100,
-103,-105,-111,-107,-109,-113,-109,-106,-100,-100,-104,-96,-92,-90,-94,-
96,-94,-97,-98,-104,-106,-108,-105,-102,-96,-92,-88,-90,-95,-88,-84,-84,
-85,-84,-81,-79,-80,-86,-91,-91,-88,-86,-89,-96,-95,-101,-107,-111,-113,
-105,-102,-109,-112,-117,-126,-127,-117,-112,-106,-106,-108,-106,-99,-10
2,-98,-100,-102,-101,-93,-84,-84,-79,-70,-64,-62,-62,-76,-79,-88,-91,-86
,-81,-86,-90,-86,-93,-91,-90,-89,-83,-69,-69,-62,-61,-60,-64,-68,-78,-80
,-84,-77,-70,-72,-76,-78,-66,-57,-53,-49,-50,-60,-69,-74,-76,-78,-72,-67
,-66,-66,-70,-73,-73,-77,-77,-75,-74,-73,
-74,-76,-73,-71,-64,-61,-49,-43,-43,-41,-50,-49,-40,-37,-36,-34,-36,-38,
-42,-42,-53,-52,-53,-57,-51,-46,-32,-27,-23,-24,-25,-29,-37,-29,-34,-41,
-39,-39,-30,-26,-30,-41,-44,-41,-41,-40,-36,-37,-37,-45,-50,-49,-47,-46,
-44,-41,-42,-42,-44,-47,-45,-44,-45,-44,-35,-33,-36,-41,-47,-50,-40,-36,
-35,-35,-39,-40,-40,-42,-37,-39,-45,-52,-57,-52,-48,-46,-41,-31,-32,-31,
-38,-40,-48,-49,-54,-54,-53,-45,-49,-42,-40,-44,-49,-55,-55,-49,-41,-44,
-42,-42,-44,-51,-49,-45,-46,-40,-37,-44,-33,-34,-26,-15,-17,-9,-13,-17,-
21,-20,-28,-29,-33,-38,-43,-44,-45,-42,-36,-38,-38,-32,-32,-28,-32,-42,-
46,-37,-33,-33,-24,-25,-22,-36,-41,-38,-34,-33,-37,-35,-24,-15,-8,-5,-1,
-4,-5,-7,-13,-17,-30,-36,-31,-31,-29,-32,-30,-31,-43,-48,-52,-42,-32,-21
,-19,-23,-23,-32,-31,-28,-29,-29,-27,-18,-10,-13,-13,-25,-29,-38,-32,-45
,
-39,-34,-26,-25,-18,-18,-23,-25,-25,-22,-18,-19,-18,-20,-26,-25,-30,-26,
-25,-22,-15,-12,-10,-4,-5,-6,-10,-9,-10,-13,-16,-17,-20,-12,-16,-14,-18,
-26,-24,-25,-24,-22,-24,-21,-23,-24,-26,-25,-29,-26,-24,-25,-23,-28,-32,
-37,-36,-37,-33,-35,-40,-42,-37,-25,-24,-25,-27,-20,-26,-30,-31,-38,-37,
-32,-21,-14,-10,-12,-13,-8,0,4,6,7,10,9,9,7,4,10,6,-2,3,1,1,9,12,17,5,3,
1,0,-1,-3,-6,-13,-6,-10,-11,-19,-21,-22,-19,-19,-16,-19,-20,-18,-13,-10,
-16,-12,-13,-17,-22,-22,-24,-16,-12,-11,-7,-10,-11,-11,-22,-29,-41,-36,-
31,-27,-29,-35,-30,-30,-27,-22,-25,-22,-21,-19,-17,-15,-12,-6,2,10,8,10,
8,1,2,-1,5,10,16,21,19,18,14,10,11,10,11,10,11,12,12,6,4,2,4,6,14,24,25,
15,1,-3,-4,-4,-7,-2,-3,-2,-3,-10,-15,-12,-19,-27,
-34,-36,-39,-42,-40,-33,-28,-35,-44,-52,-56,-52,-55,-52,-38,-31,-30,-30,
-25,-28,-29,-29,-24,-10,-13,-18,-24,-22,-17,-19,-22,-19,-18,-15,-27,-33,
-32,-33,-35,-38,-43,-37,-37,-38,-36,-37,-42,-27,-22,-24,-14,-14,-12,-12,
-15,-21,-27,-27,-28,-27,-28,-29,-26,-28,-27,-26,-27,-32,-39,-41,-40,-42,
-36,-33,-27,-31,-33,-32,-34,-31,-38,-42,-45,-51,-54,-56,-48,-44,-41,-46,
-55,-55,-55,-54,-52,-54,-48,-45,-45,-48,-42,-47,-46,-49,-59,-57,-51,-52,
-57,-55,-54,-46,-42,-48,-53,-56,-55,-54,-47,-50,-50,-48,-55,-49,-46,-51,
-57,-64,-68,-75,-76,-80,-80,-82,-82,-78,-74,-74,-78,-84,-95,-96,-92,-83,
-95,-97,-93,-93,-93,-98,-104,-106,-105,-101,-95,-93,-97,-93,-93,-92,-93,
-94,-96,-93,-90,-88,-85,-83,-79,-79,-80,-78,-78,-72,-65,-70,-71,-71,-64,
-61,-60,-66,-71,-71,-76,-83,-92,-96,-94,-91,-90,-93,-89,-95,-101,-106,-1
15,-109,-118,-125,
-130,-128,-132,-137,-141,-139,-144,-146,-148,-148,-145,-142,-140,-147,-1
45,-142,-138,-134,-132,-131,-123,-125,-127,-132,-133,-136,-137,-139,-149
,-153,-155,-152,-151,-155,-157,-163,-164,-170,-170,-172,-173,-168,-171,-
173,-165,-162,-155,-151,-153,-153,-151,-146,-147,-146,-150,-153,-155,-15
3,-150,-155,-159,-155,-150,-145,-153,-160,-160,-165,-165,-169,-171,-163,
-163,-166,-171,-176,-180,-179,-180,-182,-175,-170,-166,-164,-157,-157,-1
66,-179,-180,-181,-174,-166,-158,-153,-153,-160,-163,-163,-167,-162,-166
,-163,-160,-156,-147,-136,-140,-142,-146,-148,-145,-144,-147,-149,-151,-
152,-155,-152,-151,-153,-154,-154,-147,-143,-141,-144,-149,-155,-167,-17
8,-188,-183,-176,-175,-178,-182,-172,-162,-161,-156,-152,-149,-151,-155,
-154,-150,-150,-153,-155,-153,-144,-148,-152,-152,-149,-148,-150,-153,-1
47,-142,-134,-132,-119,-115,-119,-110,-106,-111,-115,-115,-117,-113,-104
,-102,-99,-88,-80,-71,-66,-74,-82,-81,-82,-76,-70,-60,-51,-51,-60,-63,-6
1,-64,-61,-60,-55,-53,-53,-61,-73,-74,
-71,-63,-67,-74,-82,-89,-95,-103,-96,-88,-82,-78,-83,-86,-91,-87,-82,-80
,-80,-75,-70,-64,-61,-58,-49,-53,-53,-65,-71,-68,-76,-80,-76,-70,-61,-55
,-52,-58,-53,-56,-55,-53,-54,-45,-37,-37,-37,-34,-38,-36,-31,-25,-18,-14
,-13,-9,-7,-1,0,3,1,-2,5,4,-1,-2,0,-3,-6,-5,1,4,-1,-13,-20,-21,-17,-17,-
22,-17,-13,3,-1,2,8,10,6,-6,-15,-13,-1,8,5,1,3,7,7,7,3,2,0,2,7,8,8,-1,-3
,-3,-8,-11,-19,-16,-7,-9,-11,-14,-8,2,10,7,3,16,19,5,1,0,0,-4,-4,2,4,12,
7,4,0,3,11,9,5,2,7,9,14,12,14,19,20,24,28,29,42,48,38,33,38,36,25,25,12,
14,19,19,20,13,13,7,5,16,15,11,10,6,5,-11,-15,-8,2,14,20,32,33,34,33,28,
32,45,48,46,43,44,50,61,67,70,74,75,74,69,60,60,
60,55,55,64,78,72,63,56,55,59,59,65,61,63,67,64,63,67,76,70,56,54,63,62,
51,44,50,57,57,55,59,69,62,59,58,61,61,58,48,42,49,57,54,48,52,51,50,44,
35,47,51,48,53,53,53,52,56,53,43,43,58,65,62,68,67,56,47,45,45,52,52,48,
40,37,41,43,49,53,58,59,57,54,52,43,47,56,65,72,68,74,78,82,80,77,79,74,
75,77,74,83,92,90,80,78,82,86,81,74,75,77,85,85,91,95,92,86,80,77,79,86,
90,96,95,97,100,93,94,88,92,89,85,79,71,65,53,51,56,57,56,56,61,59,55,45
,42,36,42,48,47,44,52,58,62,68,67,56,58,66,62,64,75,78,69,59,68,66,53,45
,29,36,33,23,25,23,20,23,17,19,18,13,6,7,8,7,3,-17,-25,-30,-27,-28,-36,-
45,-50,-51,-48,-53,-58,-55,-59,-67,
-65,-75,-75,-66,-69,-76,-87,-96,-104,-118,-125,-126,-138,-137,-143,-148,
-155,-166,-170,-174,-181,-181,-194,-198,-205,-205,-212,-218,-219,-227,-2
39,-236,-248,-261,-267,-270,-276,-293,-305,-310,-316,-333,-343,-358,-365
,-375,-401,-406,-403,-415,-433,-459,-476,-488,-495,-512,-533,-537,-549,-
567,-581,-600,-619,-632,-659,-673,-686,-709,-732,-765,-791,-825,-855,-87
9,-911,-949,-991,-1022,-1063,-1105,-1146,-1198,-1257,-1308,-1372,-1461,-
1547,-1634,-1742,-1845,-1976,-2118,-2274,-2443,-2645,-2873,-3141,-3438,-
3794,-4196,-4691,-5271,-6007,-6872,-8076,-9091,-7020,-5946,-5588,-5147,-
4751,-4733,-3985,-3597,-3430,-2783,-3006,-3033,-2816,-3186,-2499,-2704,-
2857,-2878,-3501,-3466,-3769,-3769,-3906,-4280,-4432,-4693,-4857,-4837,-
4825,-4568,-4384,-3965,-3639,-3105,-2621,-2088,-1677,-1093,-417,63,795,1
190,1720,2177,2423,2885,3239,3619,3983,4206,4398,4688,4830,4962,5037,509
0,5169,5203,5207,5150,5119,5046,4994,4866,4685,4545,4418,4239,4071,3932,
3786,3583,3301,3097,2894,2731,2603,2451,2317,2175,2016,1874,1772,1655,15
81,1491,1418,1372,1315,1271,1234,1213,1195,1173,
1127,1081,1110,1109,1137,1143,1164,1164,1159,1146,1158,1170,1189,1195,12
12,1207,1205,1218,1243,1265,1288,1330,1338,1351,1391,1416,1432,1457,1456
,1428,1417,1393,1367,1332,1309,1284,1230,1181,1151,1110,1073,1042,1006,9
51,908,864,821,783,733,690,612,557,492,434,360,309,251,205,159,112,52,4,
-45,-90,-136,-172,-214,-276,-333,-378,-444,-478,-527,-579,-612,-651,-673
,-703,-741,-775,-814,-830,-851,-879,-915,-937,-963,-970,-973,-1004,-1022
,-1052,-1075,-1093,-1106,-1155,-1175,-1195,-1225,-1234,-1263,-1308,-1312
,-1358,-1377,-1399,-1425,-1436,-1466,-1481,-1456,-1489,-1509,-1496,-1487
,-1481,-1475,-1470,-1453,-1428,-1408,-1393,-1380,-1341,-1329,-1322,-1310
,-1308,-1273,-1256,-1234,-1221,-1192,-1169,-1138,-1108,-1089,-1055,-1043
,-1018,-998,-1000,-987,-959,-938,-920,-910,-891,-871,-854,-840,-840,-832
,-817,-803,-795,-793,-789,-769,-758,-762,-750,-733,-715,-697,-700,-674,-
650,-635,-624,-607,-596,-576,-562,-543,-538,-524,-520,-522,-527,-525,-51
1,-502,-501,-508,-506,-501,-500,-509,-508,-518,-519,-528,-534,-537,-544,
-534,-540,-537,-547,
-556,-567,-580,-588,-593,-611,-617,-630,-643,-643,-641,-653,-668,-677,-6
95,-705,-712,-703,-702,-707,-700,-698,-691,-684,-690,-684,-686,-664,-653
,-650,-633,-608,-592,-579,-574,-555,-546,-554,-545,-546,-537,-527,-526,-
527,-522,-525,-534,-538,-546,-551,-545,-554,-562,-575,-584,-586,-588,-58
7,-592,-601,-612,-624,-633,-640,-644,-639,-642,-645,-641,-644,-649,-651,
-658,-651,-646,-643,-641,-637,-633,-626,-615,-604,-591,-572,-562,-556,-5
35,-511,-490,-480,-460,-449,-437,-415,-405,-406,-401,-403,-396,-389,-392
,-396,-395,-395,-394,-409,-407,-387,-400,-421,-418,-408,-413,-424,-431,-
430,-431,-421,-419,-427,-430,-429,-425,-425,-429,-427,-413,-409,-407,-40
2,-400,-389,-377,-373,-366,-351,-338,-327,-317,-306,-293,-274,-266,-264,
-245,-241,-236,-225,-226,-224,-207,-193,-185,-178,-165,-158,-153,-143,-1
38,-143,-142,-144,-147,-147,-144,-148,-147,-154,-158,-156,-164,-169,-162
,-162,-157,-147,-151,-150,-147,-143,-142,-140,-134,-128,-115,-119,-119,-
104,-94,-81,-75,-62,-46,-39,-43,-36,-22,-24,-20,-10,
-5,8,13,13,18,20,38,38,39,38,37,45,52,50,44,50,44,43,48,46,45,43,50,52,5
1,65,79,87,102,102,115,125,135,140,134,133,145,144,147,145,144,151,155,1
59,161,160,149,153,167,178,189,188,178,181,184,187,184,181,185,195,188,1
94,198,196,204,200,201,202,196,199,198,197,197,192,196,180,181,175,174,1
80,171,170,175,172,177,183,194,209,211,213,223,235,235,238,243,252,259,2
68,269,279,294,297,309,315,314,305,307,301,300,295,292,289,289,296,294,2
74,271,271,273,277,267,270,294,294,288,287,278,295,291,289,285,293,296,3
10,305,301,308,316,313,313,313,317,329,327,320,317,310,319,331,326,330,3
21,328,316,318,323,336,346,351,347,358,353,369,367,361,357,343,352,345,3
32,340,341,344,354,330,325,326,310,306,303,305,319,315,309,300,300,308,2
95,302,306,318,333,327,323,329,323,333,337,343,350,
341,349,353,348,362,356,373,378,378,371,377,367,372,372,377,385,394,392,
383,392,376,373,386,382,385,378,370,376,364,381,379,385,383,370,378,388,
377,378,378,384,388,379,384,384,383,388,383,370,369,373,374,365,362,361,
363,385,390,393,387,379,382,363,360,360,370,376,379,370,363,352,349,356,
355,354,343,333,311,315,317,315,317,307,297,295,285,274,273,268,272,265,
262,243,244,262,270,262,276,261,263,261,264,261,259,262,244,252,248,248,
240,234,225,232,230,218,215,221,233,235,220,220,226,211,217,212,198,188,
192,190,201,201,203,205,199,195,193,194,189,188,192,195,188,181,172,174,
163,169,172,181,184,175,188,202,206,209,198,200,201,202,207,202,212,220,
218,217,209,219,227,236,237,234,250,245,240,238,220,226,229,216,212,203,
204,206,204,203,197,199,202,202,200,202,204,210,202,199,201,200,193,200,
212,228,
229,234,237,237,242,242,254,256,250,248,248,257,278,284,283,275,266,266,
266,267,268,268,270,269,268,262,269,270,263,275,280,270,271,263,258,256,
253,251,255,250,253,251,253,253,247,264,257,247,264,261,254,255,252,254,
257,253,258,261,256,263,257,281,272,259,256,259,269,260,266,272,277,278,
268,262,264,262,257,256,257,246,252,250,237,234,229,233,231,217,215,212,
211,204,205,199,190,188,189,190,194,185,184,186,179,183,189,197,199,205,
201,201,197,202,199,200,208,216,216,203,196,195,194,200,197,192,194,195,
189,181,173,182,181,181,173,161,158,163,158,163,161,162,156,142,140,138,
147,154,143,135,125,120,112,105,105,114,114,107,104,109,104,101,100,101,
111,108,110,110,113,118,110,106,110,116,112,110,115,129,142,135,129,137,
131,132,125,122,132,134,129,127,125,120,121,117,110,110,116,122,118,115,
115,119,
121,111,113,119,111,114,113,108,112,119,118,119,121,130,135,124,113,110,
117,110,111,110,119,127,118,115,114,108,109,112,120,132,134,135,139,139,
138,142,146,156,154,146,154,166,170,165,161,158,153,154,150,147,159,163,
171,170,162,172,178,182,182,182,182,180,191,194,196,192,200,205,209,205,
206,210,216,213,209,206,201,207,199,198,189,195,194,196,198,193,190,198,
191,183,171,173,173,173,185,171,161,165,165,159,168,169,169,174,176,172,
161,177,193,179,184,191,197,203,199,192,194,192,196,200,201,206,216,227,
232,240,242,232,236,236,240,231,224,213,214,238,241,225,231,237,240,224,
217,220,214,201,195,194,188,179,174,169,167,167,156,153,163,165,178,182,
177,178,185,201,196,189,191,206,212,205,205,207,212,215,216,217,232,242,
241,239,236,240,240,244,243,247,254,250,252,262,261,267,273,272,260,265,
275,265,
258,258,257,250,249,239,226,210,205,212,210,208,209,210,201,190,193,181,
177,179,178,177,170,177,186,185,176,176,182,176,178,173,164,176,176,176,
178,193,201,201,201,194,187,179,176,169,168,172,174,167,168,168,167,156,
147,144,144,140,129,144,157,137,122,120,126,116,108,92,85,91,103,113,115
,106,115,119,107,103,98,107,111,105,111,112,112,112,109,110,107,125,138,
121,114,117,134,139,130,130,119,117,126,127,127,142,151,149,143,137,146,
143,145,130,117,112,113,109,94,91,95,100,97,85,81,75,84,91,71,64,91,103,
100,87,86,100,100,109,97,97,103,104,106,99,97,103,94,82,84,90,92,88,95,9
3,77,74,92,82,74,69,77,72,61,59,58,59,64,67,68,72,73,72,79,86,91,86,85,8
5,87,84,76,73,82,77,73,77,88,86,81,76,74,87,84,80,83,80,77,76,75,69,74,7
8,
83,92,92,92,94,88,87,102,105,99,101,94,90,94,82,74,73,74,81,86,84,79,83,
91,97,103,99,88,90,83,77,78,79,68,73,84,77,78,90,95,103,106,98,98,96,97,
96,93,96,95,104,112,113,119,118,114,106,105,107,102,101,123,131,116,114,
117,116,108,108,104,106,107,102,96,92,94,105,113,114,112,105,106,110,116
,121,106,102,100,102,101,97,90,86,87,85,84,85,82,79,89,100,99,83,76,81,9
0,91,88,83,81,81,78,79,82,81,79,74,73,74,72,66,60,56,46,35,28,24,16,16,2
3,27,23,20,32,28,31,36,38,51,46,40,46,52,67,71,67,62,60,53,49,44,43,54,7
0,75,68,67,66,75,78,68,61,53,52,56,59,51,60,63,62,62,61,59,67,79,67,59,6
2,74,77,77,74,80,73,73,78,83,73,71,68,71,65,54,49,54,68,77,71,60,58,
62,65,67,66,58,59,58,64,65,67,68,75,76,69,63,60,60,62,58,60,68,73,66,58,
69,69,55,54,53,61,59,61,65,75,82,83,74,77,80,80,78,93,104,103,97,100,101
,105,106,97,101,106,101,93,90,96,108,103,100,95,97,93,83,74,79,84,89,88,
86,79,78,73,80,84,80,89,99,96,96,97,93,106,109,107,109,108,102,99,95,93,
95,102,92,94,97,106,120,116,112,112,105,100,107,113,118,114,118,120,124,
121,120,123,127,117,114,112,117,121,122,114,104,102,98,96,95,84,85,88,84
,77,85,82,85,82,84,83,85,88,85,83,84,89,93,84,72,76,87,91,89,94,103,108,
112,113,106,108,116,117,103,97,104,108,107,110,108,107,111,109,107,105,1
00,92,88,86,88,89,83,86,80,76,71,73,68,66,68,60,52,48,42,40,42,45,40,38,
38,38,33,20,7,7,
19,24,21,13,15,21,16,5,1,-4,6,10,8,4,2,-1,7,6,4,2,3,11,18,12,10,3,4,6,6,
5,-3,5,15,12,3,5,9,6,1,0,-10,-16,-27,-18,-11,-10,-12,-12,-9,-6,-4,-8,-5,
-5,-11,-16,-21,-24,-24,-27,-28,-27,-21,-16,-15,-18,-20,-25,-27,-26,-25,-
17,-18,-30,-35,-48,-54,-59,-61,-69,-65,-70,-67,-73,-76,-79,-77,-72,-62,-
57,-54,-49,-47,-44,-43,-52,-62,-65,-65,-71,-79,-86,-89,-84,-84,-84,-91,-
84,-79,-77,-75,-83,-86,-84,-81,-88,-88,-82,-80,-78,-72,-64,-62,-53,-50,-
52,-44,-41,-49,-58,-58,-47,-41,-47,-52,-57,-58,-64,-59,-51,-47,-36,-33,-
38,-36,-34,-30,-26,-23,-20,-19,-14,-19,-20,-29,-32,-22,-21,-13,-7,-3,7,2
,-16,-30,-29,-16,-19,-17,-14,-12,-6,-9,-13,-18,-14,-13,-13,-12,-10,-6,-7
,-13,-10,-9,-10,-2,2,1,-3,-6,-13,-12,-12,-16,-16,-14,-15,-6,-2,
0,-2,-3,-6,-4,-2,0,7,17,24,18,17,14,15,15,12,12,17,21,24,25,27,25,28,25,
23,16,17,22,22,29,41,45,37,26,20,17,21,24,20,30,35,26,18,15,15,13,20,19,
22,36,40,43,46,49,53,56,51,53,58,69,68,66,61,59,64,62,58,57,56,58,53,48,
42,43,52,56,62,55,57,63,60,56,57,56,56,49,39,41,43,51,58,63,65,59,54,46,
42,43,37,36,45,38,37,33,33,33,31,23,24,25,19,23,24,25,26,30,36,36,42,43,
53,56,56,57,52,51,54,54,57,54,60,71,76,78,71,67,59,55,46,46,49,57,56,48,
50,52,56,61,60,67,71,65,57,56,61,64,70,74,77,75,75,70,73,77,78,83,82,73,
67,62,66,74,82,90,97,99,88,81,86,94,103,105,102,105,98,95,104,104,102,10
1,99,97,94,82,78,82,91,90,87,
85,79,75,63,49,55,59,54,45,40,40,40,39,28,22,29,28,27,32,25,28,31,27,32,
38,46,36,30,22,25,36,38,36,37,39,34,31,37,45,47,47,35,25,25,20,24,28,33,
40,34,33,24,19,19,21,18,23,27,26,24,31,38,41,46,39,30,28,24,24,22,34,44,
46,47,38,37,41,44,42,50,58,61,59,62,59,63,64,57,49,54,45,39,43,35,49,49,
42,49,52,53,49,35,32,35,36,28,23,24,21,17,16,18,22,27,22,20,26,27,31,32,
27,32,26,23,22,15,10,1,-2,4,13,10,8,7,12,5,-3,-11,-6,4,11,6,11,7,4,1,0,9
,12,19,19,16,18,19,23,21,27,28,27,23,22,17,16,19,24,25,15,19,17,18,17,8,
-3,-5,-8,-8,-3,1,4,0,-9,-16,-26,-27,-20,-26,-21,-25,-24,-15,-19,-12,-7,-
1,-3,-12,-22,-33,-41,-42,
-43,-47,-43,-41,-38,-36,-38,-42,-39,-32,-38,-40,-42,-40,-33,-27,-23,-23,
-22,-18,-12,-6,-4,2,2,-5,2,1,6,8,2,-2,-9,-11,-16,-22,-23,-19,-13,-17,-22
,-22,-16,-13,-11,-12,-20,-20,-16,-20,-21,-26,-22,-26,-32,-35,-25,-14,-11
,-9,-9,-6,1,2,-6,-8,-1,3,2,2,7,17,17,16,16,10,4,6,0,8,11,13,18,15,15,13,
14,14,17,18,21,23,14,7,6,2,-1,-5,-5,0,2,-6,-18,-24,-23,-24,-23,-23,-19,-
13,-12,-16,-21,-23,-19,-16,-12,-10,-8,-7,-6,-1,2,10,14,19,13,10,5,13,17,
13,7,-3,-5,-6,-7,0,9,17,10,4,1,-6,-6,-9,-14,-26,-21,-18,-12,-11,-9,-8,-8
,-6,-5,-6,-2,1,4,10,9,10,7,1,1,-5,-9,-17,-20,-23,-34,-34,-33,-34,-43,-45
,-48,-54,-56,-66,-65,-61,-57,-51,-44,-43,-41,-39,-48,-58,-61,-54,-54,-45
,-39,-33,-27,-30,
-35,-48,-48,-41,-35,-33,-36,-36,-38,-40,-35,-45,-45,-47,-51,-56,-68,-70,
-67,-60,-54,-45,-46,-48,-50,-50,-46,-47,-44,-38,-33,-32,-30,-33,-31,-31,
-34,-42,-47,-43,-37,-38,-38,-43,-35,-31,-37,-45,-40,-36,-30,-34,-35,-28,
-21,-9,-9,-1,5,7,10,2,0,-1,-8,-9,-11,-16,-19,-17,-20,-21,-23,-28,-39,-43
,-53,-58,-58,-60,-58,-54,-57,-60,-57,-58,-44,-34,-32,-37,-40,-40,-34,-33
,-34,-35,-27,-17,-11,-6,-18,-20,-24,-28,-22,-20,-20,-29,-35,-44,-47,-47,
-43,-40,-33,-31,-32,-28,-31,-32,-25,-22,-20,-17,-20,-15,-21,-37,-35,-31,
-27,-17,-22,-23,-32,-35,-47,-49,-44,-31,-28,-33,-53,-59,-66,-73,-76,-78,
-81,-86,-87,-89,-92,-80,-81,-76,-69,-63,-56,-60,-58,-64,-63,-60,-53,-48,
-54,-55,-54,-47,-57,-75,-85,-76,-72,-71,-80,-85,-88,-90,-88,-95,-98,-98,
-97,-95,-97,-100,-97,-94,-86,-84,-88,-94,-91,-83,-72,-68,-68,-67,
-69,-71,-70,-64,-62,-64,-67,-69,-69,-65,-58,-57,-60,-66,-72,-67,-73,-78,
-80,-81,-72,-69,-62,-56,-52,-51,-57,-54,-42,-31,-30,-39,-43,-40,-39,-41,
-43,-44,-47,-50,-65,-71,-72,-63,-52,-59,-71,-70,-77,-84,-84,-80,-79,-74,
-74,-74,-75,-83,-86,-88,-87,-82,-73,-74,-80,-74,-75,-77,-73,-68,-65,-69,
-71,-74,-73,-69,-68,-68,-70,-67,-70,-75,-82,-78,-73,-77,-80,-87,-91,-91,
-85,-78,-77,-75,-68,-60,-57,-63,-56,-57,-57,-50,-50,-57,-53,-57,-67,-82,
-80,-83,-80,-74,-71,-62,-61,-65,-77,-79,-75,-71,-68,-68,-68,-59,-63,-60,
-59,-52,-46,-40,-35,-38,-39,-35,-30,-32,-30,-32,-28,-30,-37,-42,-42,-44,
-49,-56,-57,-55,-58,-61,-64,-63,-55,-51,-54,-59,-66,-61,-56,-48,-52,-54,
-58,-60,-67,-67,-68,-64,-53,-46,-40,-25,-20,-18,-32,-38,-42,-38,-30,-37,
-40,-44,-44,-44,-52,-53,-52,-44,-38,-34,-30,-23,-12,-4,-3,5,5,7,9,0,
2,5,10,3,5,8,17,25,28,19,17,24,29,31,33,39,43,37,35,40,41,41,43,57,52,55
,55,56,58,53,46,52,50,51,46,43,40,42,39,40,38,35,44,45,46,43,41,37,37,30
,23,18,18,22,27,22,15,13,17,17,12,17,14,16,19,16,21,25,25,23,22,23,25,18
,16,21,26,23,15,11,12,12,10,12,12,7,8,4,3,15,20,19,17,17,19,21,20,28,32,
27,29,30,31,30,33,26,24,22,21,18,22,25,23,31,29,20,22,21,15,11,6,6,8,12,
11,10,23,33,32,33,31,30,32,28,28,30,33,27,14,11,6,2,0,-4,-1,3,5,2,-6,-10
,-14,-21,-24,-24,-15,-19,-22,-22,-23,-18,-14,-9,-2,4,3,2,8,22,36,34,26,2
0,19,20,22,23,28,35,35,27,24,28,25,27,30,28,26,26,24,15,14,17,26,18,12,1
5,12,13,13,10,
10,16,23,19,18,12,12,12,13,18,21,19,14,10,13,20,17,14,11,1,-9,-24,-26,-1
9,-16,-21,-19,-20,-14,-17,-15,-11,-11,-11,-11,-22,-33,-24,-22,-8,-1,2,6,
2,-4,-12,-11,-5,-13,-25,-31,-36,-33,-34,-33,-40,-47,-51,-57,-59,-57,-53,
-44,-43,-41,-49,-60,-64,-66,-72,-72,-69,-62,-61,-59,-63,-70,-65,-68,-76,
-77,-75,-63,-64,-64,-67,-71,-70,-71,-73,-72,-65,-55,-52,-57,-57,-53,-51,
-56,-54,-49,-57,-52,-49,-44,-47,-53,-55,-61,-59,-68,-71,-74,-79,-78,-81,
-92,-100,-104,-102,-102,-106,-98,-97,-104,-109,-109,-115,-118,-132,-128,
-124,-111,-110,-109,-105,-101,-114,-125,-135,-129,-138,-136,-143,-144,-1
47,-153,-162,-163,-169,-177,-181,-187,-196,-198,-201,-206,-216,-229,-248
,-255,-266,-275,-286,-306,-310,-330,-350,-352,-367,-378,-399,-429,-439,-
462,-490,-514,-532,-554,-579,-612,-643,-679,-716,-758,-785,-819,-861,-92
2,-983,-1035,-1109,-1194,-1285,-1397,-1489,-1621,-1738,-1940,-2099
===PCM_LOG_END===
All done. Save the above log to a file and convert with Python.
